92 128 93
92 127 93
95 127 93
97 127 92
96 127 93
96 126 93
93 127 93
94 127 93
91 127 94
92 128 93
92 128 93
95 128 92
97 126 93
98 126 93
98 125 94
97 127 93
96 127 93
95 127 93
94 126 94
96 126 94
97 127 93
92 128 93
93 128 93
90 126 95
90 127 94
90 127 94
92 128 93
94 127 93
95 127 93
95 127 93
97 126 93
98 126 93
96 127 93
93 128 93
92 127 94
91 126 94
94 126 94
96 126 94
97 126 93
97 127 92
100 126 93
99 126 93
99 126 93
99 126 93
99 127 92
99 126 93
103 126 91
107 125 91
111 125 92
111 126 91
110 124 92
101 127 91
97 126 93
98 128 92
103 128 90
104 125 92
107 125 92
105 127 91
103 127 91
101 127 91
107 127 89
107 126 90
103 126 93
101 128 91
102 127 92
104 126 91
107 125 93
108 127 90
113 125 91
112 126 90
111 126 91
106 126 91
104 127 91
102 126 92
104 125 92
103 126 92
104 128 89
106 125 92
105 127 91
98 127 93
100 126 93
97 127 93
100 126 93
100 127 91
103 126 93
106 125 92
69 129 98
73 129 97
74 129 97
75 129 97
75 129 97
72 128 98
67 129 99
67 129 100
65 129 99
67 128 100
69 129 99
131 123 92
132 125 91
132 122 93
133 123 94
127 123 92
125 125 90
124 126 90
126 125 90
129 124 91
130 124 90
126 124 93
128 124 91
126 122 93
132 123 92
137 124 94
140 122 97
144 123 97
132 125 91
126 124 90
130 124 91
135 124 92
134 123 93
135 123 92
74 126 101
74 127 99
72 126 102
74 126 101
72 129 99
74 127 99
74 127 100
74 127 100
75 127 100
76 126 101
77 126 100
77 125 102
75 126 101
75 126 101
74 125 102
71 127 101
71 127 101
72 127 102
73 127 100
74 126 101
75 126 101
75 126 101
75 128 100
77 125 102
78 126 100
77 124 102
76 126 101
75 127 99
74 127 100
75 126 101
73 126 101
94 127 95
95 126 95
96 126 95
99 126 95
100 127 93
101 127 93
96 128 94
93 127 95
88 127 96
90 126 96
91 127 95
94 124 97
96 126 95
101 125 96
104 126 94
107 126 94
108 126 94
109 124 95
112 126 93
112 126 92
101 127 94
101 127 93
95 127 94
94 127 94
99 126 95
100 126 95
96 127 93
89 128 96
88 127 96
88 126 97
87 126 98
91 127 96
93 128 94
102 126 94
106 126 93
104 127 93
100 126 95
90 126 96
110 128 92
109 127 92
108 127 94
109 126 93
112 127 92
112 127 92
113 126 92
117 126 91
117 125 94
119 127 91
113 126 91
112 126 92
110 127 92
111 128 89
114 126 90
116 125 92
126 124 91
134 123 92
123 124 91
123 123 91
117 125 91
117 125 90
118 125 90
118 125 90
120 125 90
126 124 90
136 123 91
150 119 95
158 118 96
159 117 97
126 124 91
121 124 90
125 124 90
129 123 91
130 122 91
136 121 91
143 120 93
164 118 94
186 121 93
182 123 92
186 122 94
185 121 94
167 121 93
150 119 94
137 122 93
74 127 101
75 126 101
76 127 100
77 126 101
80 127 99
78 126 100
78 126 100
76 126 102
75 126 101
73 126 101
76 126 101
77 126 101
77 126 101
79 127 98
81 128 98
80 128 97
78 126 101
77 126 101
74 127 101
75 126 101
75 126 101
77 126 101
76 126 101
133 124 98
131 125 98
140 125 99
157 126 103
155 126 105
158 126 106
148 127 102
97 125 95
95 126 95
97 126 95
98 127 94
100 125 96
101 125 95
100 127 94
96 128 94
95 128 94
95 128 95
94 128 94
91 127 95
93 128 94
95 126 95
93 125 97
96 126 95
100 125 95
101 125 95
101 125 95
102 126 96
103 127 94
99 127 94
99 126 95
96 128 94
92 128 95
94 127 95
95 126 95
97 126 95
109 128 90
108 128 89
109 128 90
108 129 90
107 129 90
108 128 90
108 128 89
108 128 89
109 128 90
99 126 94
99 127 93
101 126 93
101 127 93
98 126 94
99 126 94
96 128 93
97 127 94
99 128 93
101 127 93
101 127 93
104 126 94
104 127 93
104 127 93
102 128 92
104 127 93
103 126 93
97 128 93
98 127 94
98 127 94
97 127 94
98 127 93
99 127 94
100 128 92
103 126 94
102 127 93
102 126 94
101 126 93
101 127 93
99 128 93
98 127 94
96 128 93
96 128 93
98 126 95
97 128 92
102 126 94
103 128 92
103 125 94
103 126 93
98 127 94
98 128 92
103 126 96
105 125 96
107 126 98
111 126 101
129 129 105
130 128 107
129 129 105
130 130 105
127 128 104
120 128 102
105 126 97
103 126 94
103 125 94
102 126 94
102 126 94
100 128 92
101 127 93
102 126 94
106 126 97
113 126 101
126 128 105
122 128 105
112 127 101
108 128 100
109 126 103
114 128 101
120 128 103
138 130 108
142 129 109
133 129 107
122 128 103
104 127 95
103 125 95
101 126 93
102 128 92
101 126 93
97 128 92
98 127 95
116 127 101
80 128 96
81 128 96
82 128 96
82 128 96
83 128 96
85 128 97
82 128 96
82 128 96
80 128 96
80 128 96
79 129 96
80 128 96
79 129 96
81 129 95
82 128 97
83 127 97
86 127 97
84 127 97
85 128 97
83 128 96
80 128 97
79 129 96
80 128 96
80 129 95
81 128 96
81 128 96
105 126 95
105 126 97
129 125 100
135 126 101
134 124 100
128 123 98
124 125 97
126 124 99
127 126 99
125 125 100
61 129 102
62 130 102
61 129 102
63 128 103
65 127 102
66 127 103
65 127 103
66 129 102
66 128 102
63 128 103
65 128 103
64 128 103
61 129 102
63 128 103
65 129 102
64 129 102
65 129 102
65 128 103
65 128 103
63 128 103
66 128 102
95 128 93
94 127 94
95 126 95
94 127 95
95 126 95
93 127 94
93 127 94
95 128 93
96 127 93
96 128 92
97 128 93
98 127 93
98 128 92
98 127 94
95 127 94
95 128 94
95 128 94
95 128 94
95 128 93
71 127 101
70 127 101
69 127 101
70 127 101
71 127 101
71 129 100
72 127 101
71 128 101
71 126 102
73 127 101
74 127 100
72 127 101
72 128 100
72 129 101
72 127 101
99 126 94
97 128 93
98 128 92
98 127 94
98 127 93
97 127 94
98 126 95
98 127 94
99 127 94
102 127 93
105 126 94
106 125 94
101 127 94
98 127 94
98 128 93
98 126 95
99 127 94
68 128 100
68 129 100
68 130 99
68 127 101
75 126 102
76 129 99
78 126 102
75 128 101
80 127 102
79 128 100
79 128 101
79 127 102
76 129 101
75 128 101
77 129 100
80 127 101
79 127 102
77 129 99
78 127 102
80 128 102
77 129 100
75 128 103
74 126 104
74 127 103
73 127 102
78 128 102
77 129 102
80 126 102
78 128 102
78 129 101
79 128 101
78 131 99
84 126 101
82 127 102
86 126 101
88 126 101
90 125 101
91 125 101
92 125 101
92 125 101
87 126 101
84 126 101
83 128 101
86 126 101
93 125 102
94 126 100
92 126 101
88 125 102
92 126 99
91 126 100
90 125 102
93 125 100
93 124 101
97 124 100
96 124 101
94 125 100
97 124 101
94 124 101
98 125 101
98 123 103
94 124 101
97 126 100
95 123 103
95 124 101
97 124 101
96 123 102
95 124 101
95 124 100
92 125 101
90 125 101
89 126 101
90 126 100
91 124 102
94 124 101
93 124 101
96 123 102
93 124 100
94 124 101
96 124 100
96 123 102
99 124 101
98 125 102
99 125 100
97 124 102
96 124 101
94 126 100
97 127 99
96 124 100
90 125 102
90 124 102
90 125 102
91 124 102
88 128 98
90 124 103
90 124 102
90 123 103
92 124 102
95 123 103
95 124 102
95 123 103
88 125 104
88 125 104
88 125 104
90 125 104
90 125 104
89 125 105
89 127 103
90 126 104
89 125 105
88 125 104
87 124 104
86 125 104
88 125 104
88 125 103
88 126 102
89 125 104
89 125 104
90 125 105
93 124 105
93 125 105
92 123 105
93 124 105
90 126 103
91 125 104
93 125 105
92 125 104
89 124 106
90 125 103
89 125 104
90 125 104
91 125 105
91 125 104
89 125 104
89 127 103
92 125 104
90 125 104
93 124 104
93 125 105
97 123 106
97 125 105
97 125 105
95 125 105
93 124 105
95 124 106
90 125 105
90 125 104
91 125 104
86 125 106
86 125 104
88 125 106
88 126 105
88 125 106
88 125 105
91 123 106
89 125 106
88 126 105
90 125 105
91 125 105
90 124 106
90 125 105
92 124 106
93 124 105
91 125 105
90 125 104
90 124 105
90 125 104
87 124 105
86 126 105
86 124 107
86 127 104
86 126 105
86 124 106
88 126 105
85 126 104
87 125 104
87 125 106
83 126 100
86 125 100
90 126 98
92 126 98
94 125 98
93 128 96
90 127 97
90 126 99
86 128 96
85 128 98
82 128 99
80 128 99
82 128 99
77 129 99
79 128 101
79 129 99
86 125 100
95 126 97
94 126 97
97 126 96
95 126 98
92 125 98
91 126 99
90 128 96
90 126 98
91 126 100
86 125 100
83 128 98
85 128 98
80 128 99
76 127 101
77 127 102
76 126 103
76 130 100
77 129 99
88 126 99
95 125 98
94 125 98
94 127 96
91 126 98
95 125 98
97 125 98
97 125 98
100 126 96
79 128 102
80 127 103
81 128 103
80 126 104
82 127 102
82 126 104
82 127 102
73 125 106
74 125 107
72 126 105
69 127 105
72 126 105
72 127 104
73 126 105
72 126 104
75 126 104
72 127 104
76 126 102
73 126 102
71 126 103
70 127 104
69 127 104
67 128 103
72 127 103
73 126 103
73 126 103
72 126 103
70 126 104
69 127 103
71 127 103
69 128 103
72 126 103
73 127 103
71 125 105
73 126 104
71 126 105
71 125 106
66 127 107
68 127 106
69 127 104
71 126 105
74 126 104
75 125 105
73 126 104
73 126 104
69 127 106
65 128 104
63 128 105
77 127 100
78 128 101
79 127 100
79 127 100
77 127 101
76 129 99
77 128 101
74 126 104
75 127 102
76 127 102
76 127 101
77 129 99
79 127 100
80 128 99
77 128 100
77 128 100
78 127 102
75 126 103
75 126 103
76 126 103
75 126 103
74 126 102
74 126 104
75 126 103
73 127 103
75 126 103
74 127 102
73 126 104
72 126 104
72 127 104
72 127 104
76 127 101
77 127 102
68 127 105
66 125 106
61 127 106
62 127 106
64 127 106
65 125 106
67 127 104
74 127 101
77 129 99
76 129 99
75 129 99
75 128 100
77 126 101
77 127 100
78 129 98
77 127 100
78 126 100
70 129 105
69 128 104
70 129 104
71 129 103
73 127 104
73 129 103
72 127 105
69 127 107
69 128 107
68 126 107
65 129 105
71 127 105
72 127 105
71 126 106
72 128 104
101 126 97
100 123 100
97 125 98
101 123 101
105 125 98
112 124 99
117 122 99
129 123 100
142 124 102
143 124 103
144 122 104
115 123 100
111 123 101
104 126 100
97 123 101
92 125 101
89 125 100
88 125 100
88 124 102
90 125 101
94 124 101
103 122 100
110 124 99
112 122 100
75 126 103
73 126 101
75 128 100
76 126 102
77 127 99
75 126 101
78 126 100
77 126 101
76 126 102
77 127 100
73 129 97
76 126 100
76 127 98
79 125 99
79 127 97
81 127 97
79 128 98
75 127 100
96 127 93
99 125 95
99 126 95
98 125 94
99 126 93
103 126 94
106 125 94
97 126 94
98 124 95
102 126 95
100 125 96
103 127 94
104 124 96
108 123 95
109 124 95
108 125 94
106 124 95
106 123 97
103 126 95
99 125 96
79 126 104
79 126 101
79 127 102
79 127 101
76 127 101
79 126 101
81 127 100
80 127 102
86 125 103
89 125 102
90 125 102
85 128 101
88 126 101
73 125 108
72 126 107
73 126 107
74 125 106
79 125 104
84 126 103
77 126 105
63 126 109
62 127 109
60 127 108
58 127 110
59 127 110
58 127 111
60 127 110
58 127 110
57 126 111
56 127 111
59 127 110
62 128 108
65 125 110
64 127 108
66 125 108
88 124 108
89 124 107
85 125 107
87 124 107
88 123 108
91 125 108
96 124 108
99 122 109
99 122 109
101 124 105
99 124 108
96 124 107
93 124 107
70 129 104
70 127 106
68 127 107
69 128 107
70 127 107
72 127 108
71 126 108
71 128 106
73 127 107
73 129 105
74 128 105
74 128 105
72 129 106
70 127 108
69 127 108
69 128 107
68 128 108
68 127 107
69 127 107
68 127 107
69 127 107
67 126 108
69 127 107
69 127 107
67 127 108
85 130 95
85 130 95
83 129 96
84 128 97
86 128 97
84 129 96
85 129 96
83 128 97
84 130 96
83 129 96
82 129 96
82 130 96
83 130 95
84 130 96
85 129 96
84 129 96
85 129 97
83 129 97
85 129 97
87 128 97
86 128 96
86 128 97
88 128 97
88 127 98
89 128 97
87 128 97
87 128 97
90 127 99
89 128 96
88 128 97
85 130 95
84 129 96
82 129 96
83 129 97
80 129 97
81 129 97
79 128 98
75 130 97
76 129 101
74 128 101
71 129 99
72 129 101
72 129 101
72 128 102
73 127 102
72 127 102
71 127 101
71 128 102
71 129 101
70 127 101
71 128 101
68 129 101
71 129 101
68 129 101
71 128 101
71 128 101
74 127 101
74 126 102
72 128 100
74 128 101
71 129 101
71 126 103
71 128 102
71 127 103
66 130 101
66 129 102
68 129 101
65 129 102
68 129 101
68 131 100
69 130 100
70 129 101
69 130 101
69 128 102
69 128 102
70 129 101
80 129 97
85 129 96
85 129 94
83 130 95
101 129 93
99 129 92
99 129 93
98 130 92
97 129 93
96 130 93
97 130 92
99 129 93
101 129 92
100 128 92
99 130 90
101 129 90
101 127 93
99 129 92
97 129 93
94 130 92
93 130 92
93 129 93
95 128 94
87 130 94
86 131 93
84 131 95
82 131 95
83 131 95
87 129 95
88 129 94
90 130 92
91 130 93
90 129 94
87 129 94
88 129 94
90 130 93
87 131 94
90 130 93
90 131 93
94 130 92
94 129 93
91 130 92
88 131 93
85 132 93
87 131 93
86 132 93
86 131 93
86 130 94
85 131 93
87 129 94
85 131 93
86 129 94
87 131 93
89 129 95
89 129 95
91 129 94
91 130 93
82 129 96
82 129 97
83 130 96
84 130 96
87 129 95
84 130 96
85 129 97
82 129 97
81 131 95
84 130 95
82 131 95
83 131 95
83 131 94
85 129 96
84 130 95
86 129 96
86 129 96
86 128 97
99 128 91
98 128 91
95 129 91
97 130 90
98 128 92
100 128 92
100 128 92
101 127 93
101 128 92
103 128 92
100 129 92
98 128 92
97 128 92
97 130 91
100 128 92
100 128 92
102 126 93
103 128 92
102 126 95
101 127 93
101 127 93
99 128 92
97 128 91
96 128 92
95 129 91
92 130 91
94 128 92
95 130 91
95 129 91
97 128 92
99 128 91
99 129 92
101 127 93
99 128 93
99 128 91
95 129 92
95 129 92
99 128 92
99 128 93
102 128 92
101 127 93
72 127 104
72 127 102
71 129 101
72 127 102
71 128 102
72 127 102
61 130 102
59 131 103
57 132 101
58 130 103
59 130 103
58 132 101
60 131 102
60 131 102
60 132 101
58 129 103
58 132 101
58 132 101
60 131 103
58 132 101
59 130 102
57 130 103
57 132 101
58 129 104
56 132 102
60 131 100
58 132 101
58 132 101
76 129 99
75 128 100
74 127 101
74 127 101
73 127 101
73 127 101
75 129 100
76 127 101
79 127 101
79 126 101
75 127 101
76 127 101
75 126 102
75 129 100
77 127 100
77 129 99
78 128 99
77 129 99
107 128 89
108 129 90
105 129 91
106 128 92
106 128 91
106 129 90
107 129 90
110 128 91
109 130 88
108 129 90
109 128 90
107 129 91
107 128 92
106 128 92
106 129 90
106 127 91
109 128 90
107 129 90
106 127 91
106 127 92
104 128 93
107 127 92
105 122 105
108 125 105
105 124 103
103 125 99
106 123 104
109 121 101
110 121 104
102 123 104
109 123 104
97 126 102
102 123 104
100 124 104
105 121 103
107 121 103
103 124 98
105 121 101
102 125 101
103 123 101
102 123 104
101 124 104
98 127 101
100 126 104
62 130 109
61 129 109
59 129 109
65 131 108
64 131 108
63 130 109
60 131 108
60 130 109
58 129 110
60 131 109
59 129 111
62 129 112
55 128 110
55 132 110
60 130 108
56 129 110
60 129 108
63 127 109
66 128 108
67 129 106
69 125 110
65 128 107
68 127 110
69 128 108
69 127 110
68 129 111
71 127 110
65 128 111
58 132 109
70 130 109
61 128 110
59 130 110
62 128 113
59 127 115
58 131 109
60 129 114
61 128 114
58 131 109
63 127 111
65 131 107
68 127 108
68 127 108
65 127 109
70 126 110
65 127 110
59 129 111
62 128 110
59 130 110
58 129 111
60 129 111
61 129 109
61 131 107
63 129 106
65 129 108
64 130 109
59 129 111
60 127 112
57 130 110
61 128 112
59 129 111
81 126 104
80 127 102
82 127 103
77 127 102
79 127 102
75 127 101
74 129 100
78 126 102
79 127 102
77 126 104
74 126 104
75 128 101
75 127 105
83 127 103
81 128 102
80 126 104
79 127 102
82 125 104
76 129 99
80 125 102
77 126 104
74 129 99
78 125 104
81 128 102
77 126 101
99 124 99
93 124 99
95 123 99
96 125 99
97 124 98
93 124 98
97 126 96
97 124 99
96 125 98
99 124 99
99 125 96
107 125 97
109 121 100
107 123 99
97 125 98
103 124 98
105 125 97
106 124 99
104 125 98
105 121 101
100 125 98
107 123 99
96 128 95
104 124 98
99 124 97
102 123 100
100 123 97
105 121 99
103 123 98
103 123 99
79 125 103
80 128 100
82 128 100
86 125 105
81 128 100
81 127 102
80 126 102
80 129 100
80 125 105
79 125 104
80 127 105
78 124 106
80 127 105
71 131 98
75 128 103
80 127 103
77 129 106
72 130 100
77 129 103
79 126 102
77 128 101
80 127 103
82 126 104
81 127 102
80 124 106
77 131 100
74 128 104
79 127 105
80 129 102
81 128 105
79 126 104
113 121 100
108 123 99
105 122 98
106 122 100
95 126 95
109 126 95
112 122 100
115 122 98
115 123 99
115 120 104
119 123 101
109 125 97
111 124 99
121 122 99
115 118 102
107 123 101
104 125 97
103 125 95
108 122 98
109 124 98
116 125 98
118 125 95
114 124 99
112 123 98
104 123 98
114 120 101
114 120 100
92 126 113
84 126 113
83 128 110
81 127 110
88 122 116
90 123 116
70 130 111
62 128 113
63 130 110
66 127 112
66 128 110
66 125 114
59 127 113
67 127 112
60 129 111
58 129 111
62 128 112
65 130 110
61 127 111
61 129 111
55 131 113
52 130 115
53 131 112
51 130 111
53 131 107
61 129 109
61 131 108
60 128 110
58 130 109
56 129 110
54 129 110
61 129 111
66 129 109
60 131 107
68 128 110
70 130 106
66 128 110
65 129 108
61 130 109
60 133 107
65 129 103
63 130 102
64 131 100
61 127 108
66 130 103
58 130 104
61 131 102
61 130 105
61 131 102
61 130 103
60 131 103
63 130 103
75 129 104
75 126 105
77 127 105
72 126 107
65 129 106
68 127 109
68 128 109
65 129 105
74 129 102
74 127 103
72 128 103
73 127 106
69 129 104
62 128 106
66 127 106
60 127 105
65 128 104
65 132 103
68 127 108
60 127 106
65 126 107
84 127 105
58 129 106
59 126 110
63 129 104
66 130 102
72 127 105
63 127 108
69 128 104
66 130 105
65 130 104
78 128 102
77 128 104
47 130 102
66 128 103
65 129 104
86 128 101
79 129 99
80 127 103
74 126 105
81 130 101
71 127 102
92 127 99
86 128 101
73 127 100
86 128 99
76 130 100
85 127 102
86 126 101
97 127 98
104 126 97
105 125 97
97 126 99
100 125 102
95 123 103
84 128 100
77 126 103
76 129 101
82 128 101
83 128 101
86 128 99
58 127 116
54 130 111
55 132 110
57 130 108
60 131 106
55 131 106
57 130 108
57 129 111
49 129 111
56 128 113
55 126 115
53 128 113
53 130 109
57 129 110
53 129 108
62 128 108
60 127 109
58 129 108
58 131 108
53 127 112
55 126 112
54 130 111
54 129 110
53 124 113
56 128 113
50 130 110
54 126 115
51 130 111
52 130 110
54 131 109
57 131 107
57 129 108
55 129 107
62 128 106
66 130 103
65 129 106
54 130 108
54 130 110
52 129 109
58 127 115
52 130 111
82 124 110
66 124 109
67 127 108
58 129 107
67 123 110
57 125 111
65 124 112
67 124 113
66 126 109
62 127 109
54 127 108
38 128 110
61 128 110
64 129 107
68 126 109
65 126 111
66 127 111
63 127 108
50 130 115
50 130 112
48 127 115
46 129 113
51 127 114
53 129 113
36 130 118
27 128 118
33 127 121
27 130 118
33 128 120
33 129 120
38 131 118
38 128 120
33 129 118
35 129 119
35 129 118
32 132 117
37 126 121
34 129 119
58 124 118
53 129 119
52 129 114
60 128 115
58 129 116
51 127 116
50 129 114
56 126 118
65 127 119
69 129 117
69 130 119
60 133 116
58 128 115
53 126 115
57 129 116
53 130 112
57 125 117
