111 179 130
117 180 127
120 178 127
119 179 128
120 178 127
115 180 129
111 181 131
115 182 129
123 178 127
124 177 125
122 176 126
125 175 126
129 174 125
120 179 128
118 180 129
116 179 129
117 182 127
113 180 128
116 180 129
120 180 127
120 180 127
127 176 125
124 178 126
127 177 125
130 175 125
134 174 125
123 178 127
118 180 127
118 180 126
117 181 126
118 182 126
123 181 125
124 180 126
123 180 124
124 180 125
123 180 126
127 178 125
130 176 124
131 175 125
131 175 125
124 178 126
122 179 127
122 179 125
122 179 127
122 179 125
118 180 127
119 181 126
116 182 125
116 181 127
116 182 126
118 182 126
120 180 126
118 182 126
122 180 126
120 180 126
124 180 125
124 179 125
128 178 125
128 176 125
136 174 126
142 174 125
142 172 126
139 174 125
133 174 126
131 175 126
125 178 126
130 176 126
133 176 125
136 176 126
137 176 125
137 177 124
142 172 126
137 174 125
135 174 126
105 179 125
104 180 124
108 177 126
108 177 126
105 179 125
104 179 127
104 181 127
105 180 127
104 179 127
108 178 125
114 182 128
113 182 128
116 181 128
116 181 128
116 180 128
116 180 128
116 181 128
115 181 129
115 180 128
115 181 129
117 180 128
116 180 127
115 180 128
114 182 128
111 182 127
111 182 129
113 182 130
113 183 129
112 183 128
113 182 128
114 181 128
115 181 128
145 183 125
148 181 125
150 180 123
119 180 126
120 180 126
121 179 126
124 178 125
125 177 126
119 180 126
120 180 127
119 181 126
118 180 127
123 180 124
123 179 125
87 170 126
88 169 126
91 168 127
89 168 127
90 169 127
91 168 126
91 167 126
91 169 126
92 169 126
91 168 126
90 169 126
90 169 126
89 168 126
90 169 127
90 169 126
92 170 126
92 168 127
85 167 130
85 166 130
84 167 132
84 167 129
84 167 130
85 166 128
87 166 128
86 167 128
86 167 130
85 166 130
85 167 127
143 171 121
145 172 121
145 172 121
153 170 122
147 172 122
143 171 122
142 173 123
141 175 124
140 176 122
148 170 122
147 170 122
146 171 123
146 171 121
120 181 125
118 182 124
127 188 125
127 187 126
126 187 125
132 185 125
135 183 125
132 185 124
129 185 127
135 182 125
134 183 126
134 185 125
90 173 131
91 172 133
91 172 131
92 173 135
91 173 135
87 173 131
86 173 136
86 171 136
86 172 134
87 173 134
88 173 136
90 173 131
114 183 129
115 182 129
117 180 128
108 181 131
109 181 130
109 180 130
108 179 131
109 179 129
106 179 131
105 179 129
103 177 131
104 178 129
104 178 131
100 177 131
102 177 132
102 177 132
103 178 132
102 178 131
100 179 133
101 178 132
102 177 131
103 177 132
105 177 132
104 177 131
104 178 131
105 178 132
107 178 130
107 178 130
108 178 130
97 177 132
98 177 134
98 177 132
101 177 132
102 177 132
103 177 131
103 177 132
107 167 129
106 167 129
106 168 128
106 167 129
106 167 129
106 168 128
107 167 129
108 168 128
108 169 127
109 167 128
107 168 128
108 168 128
110 169 128
109 167 127
112 168 126
111 167 128
109 167 128
109 167 127
106 168 128
90 163 129
89 163 129
90 164 129
90 163 129
86 164 129
86 163 129
85 163 129
88 163 129
90 163 129
90 163 129
91 164 129
93 163 127
94 163 129
94 163 129
92 165 128
91 164 129
88 164 129
91 165 131
91 164 128
93 163 129
94 163 129
93 163 129
93 164 129
97 163 129
97 163 128
81 161 131
82 162 129
82 162 129
83 162 129
82 162 129
82 162 129
83 162 129
82 162 129
83 162 129
80 162 129
80 162 129
81 162 129
81 161 131
83 161 131
83 162 129
83 162 129
83 162 129
83 161 127
84 161 129
84 161 129
86 162 129
85 161 128
83 162 129
83 161 131
84 161 131
112 172 129
112 171 132
110 171 131
110 171 131
110 171 133
109 171 132
110 171 131
111 171 129
112 171 129
112 171 129
112 171 129
113 171 129
114 171 129
114 171 129
113 171 129
113 171 129
113 170 129
112 170 131
111 170 129
111 170 129
111 170 129
113 170 129
116 168 125
117 168 125
122 168 123
124 168 123
125 168 123
126 168 123
127 168 123
126 168 123
126 168 123
129 168 123
130 168 123
130 166 123
129 168 123
126 168 123
126 167 125
127 167 124
121 168 125
82 162 129
82 162 129
82 162 129
82 162 128
84 162 129
85 162 129
85 161 128
85 161 128
85 161 128
87 160 128
87 160 128
87 160 128
89 161 127
91 160 127
87 160 128
87 161 127
86 160 128
86 160 128
85 161 128
84 161 129
83 162 129
83 162 129
82 162 129
83 161 129
83 161 129
109 170 129
109 170 129
108 170 129
108 170 129
110 170 130
107 170 131
106 170 131
104 170 132
104 169 131
103 168 131
104 169 130
102 169 131
101 170 132
103 170 132
103 168 131
107 169 129
107 169 129
103 170 130
103 168 131
82 162 129
82 162 131
82 162 129
83 162 129
82 162 129
82 162 129
81 162 129
82 162 131
82 162 129
82 162 129
82 162 129
82 162 129
84 162 129
87 162 127
86 162 129
87 162 127
132 170 127
132 170 126
129 170 127
126 172 128
128 172 128
126 172 128
128 172 128
128 172 127
137 168 126
142 166 125
141 166 124
142 167 125
143 165 124
140 167 124
135 169 126
128 171 126
127 171 127
127 171 126
127 172 126
128 172 128
129 171 126
128 172 128
129 172 126
104 168 129
109 169 129
110 168 129
108 168 129
107 169 129
105 169 129
80 162 131
80 161 131
80 161 131
80 161 131
82 161 131
84 161 131
84 162 129
82 161 131
84 162 129
85 162 129
84 159 131
83 161 131
82 162 129
127 173 128
125 173 128
110 170 130
110 170 130
110 170 130
109 168 131
109 169 129
110 170 130
112 170 129
113 170 129
114 170 129
110 170 131
110 170 131
109 170 133
109 170 131
111 170 131
110 170 131
112 169 129
113 170 129
112 170 131
111 170 131
113 169 131
115 170 129
116 170 129
114 168 131
115 170 131
113 170 129
113 168 129
112 170 131
110 170 131
108 170 131
109 169 133
106 170 131
107 168 131
107 170 131
109 170 131
111 170 131
111 170 131
112 170 129
131 169 127
135 168 126
133 169 126
134 169 126
135 169 126
130 168 128
119 172 129
119 172 131
119 173 131
116 172 129
115 172 130
115 172 130
116 172 129
120 173 131
120 173 129
130 173 131
131 173 132
95 162 129
94 162 127
95 163 128
94 163 128
97 163 128
97 163 128
97 163 127
95 162 129
95 163 127
94 163 128
94 163 129
97 163 129
95 163 129
97 163 127
97 163 129
97 163 128
95 164 127
95 163 129
95 163 128
95 163 128
94 162 127
109 163 124
109 163 124
107 162 123
107 163 124
104 165 123
105 164 123
107 162 123
106 164 123
106 163 124
107 163 123
110 163 123
107 163 123
109 162 125
107 163 123
104 163 123
106 163 124
108 164 125
106 162 126
105 162 126
106 163 124
110 162 124
110 162 124
106 164 123
109 163 124
109 165 123
111 163 123
111 164 124
109 165 122
109 165 123
110 166 125
105 164 123
103 163 125
103 164 125
104 163 124
103 163 125
102 165 125
103 164 125
104 164 126
104 165 125
105 165 123
106 163 124
105 165 123
104 164 125
102 164 126
103 164 125
104 164 125
106 163 124
106 165 124
106 165 124
111 165 123
113 165 123
111 164 124
108 164 125
108 165 123
105 165 123
104 166 125
103 165 125
111 169 125
110 169 122
111 170 125
114 170 124
113 170 124
110 167 125
110 168 124
109 165 126
108 167 125
108 167 125
110 166 129
111 168 125
111 169 124
116 168 124
119 168 123
117 168 125
115 168 124
117 168 124
116 168 124
118 169 125
113 169 124
108 168 125
109 166 125
105 166 126
104 168 124
103 166 125
104 168 125
104 166 125
104 165 126
108 166 125
111 168 124
112 167 125
115 168 123
123 169 125
122 168 123
96 158 123
92 158 123
92 160 122
92 158 123
90 158 123
93 158 124
92 157 125
90 160 123
91 158 124
94 158 124
92 159 123
91 159 127
95 159 124
97 159 123
100 159 121
103 158 122
102 159 120
100 158 120
95 158 121
93 158 123
96 158 123
91 159 120
93 158 124
110 164 114
114 162 115
115 163 114
117 159 115
118 159 109
116 159 111
120 161 112
115 162 111
112 160 112
114 159 114
120 160 112
115 162 111
117 159 112
181 156 103
175 157 106
181 153 103
188 152 97
186 154 99
179 154 105
171 158 108
171 158 108
182 154 103
181 154 103
190 151 99
195 150 99
179 154 104
175 156 108
165 159 110
152 164 114
154 164 113
151 164 115
149 163 115
110 167 123
111 168 124
112 168 124
114 168 122
114 168 123
114 168 123
115 168 123
116 167 125
115 168 124
115 168 124
118 169 124
117 170 124
118 168 125
123 169 125
122 169 122
120 168 122
117 168 124
114 170 125
102 161 122
102 161 122
102 161 123
101 162 123
100 162 122
99 161 123
99 161 123
101 161 123
102 161 122
103 161 124
102 162 123
104 162 121
104 162 121
105 162 121
99 162 122
100 161 123
99 161 123
100 160 123
96 162 122
98 162 122
97 162 122
98 162 122
97 161 123
101 162 123
99 163 121
100 162 122
102 161 122
100 161 123
97 162 122
99 161 124
99 161 124
106 155 116
106 159 119
106 157 117
102 157 120
104 158 118
107 157 117
109 155 118
107 159 118
106 159 117
107 156 120
110 156 119
107 155 120
108 156 119
108 157 117
108 157 117
111 155 119
112 155 119
110 155 116
118 169 124
117 170 124
117 170 123
118 169 125
121 172 124
119 170 124
121 170 124
119 170 124
118 170 125
118 170 125
121 171 125
121 169 125
120 170 123
96 158 122
93 158 123
92 159 121
92 159 123
88 160 123
94 159 124
95 161 124
95 158 123
96 158 121
96 158 120
96 157 124
94 159 121
92 158 121
92 159 121
92 158 123
95 159 121
98 158 121
96 159 121
128 168 124
125 168 124
125 168 124
127 168 124
130 168 123
128 168 123
130 168 123
133 168 124
136 168 123
134 167 124
133 168 123
130 168 124
129 168 124
126 169 125
124 168 126
125 168 126
122 169 125
119 168 126
121 168 126
124 168 124
123 168 126
127 168 125
128 168 123
127 167 124
109 159 119
110 160 117
107 159 120
104 159 118
106 160 119
108 159 119
109 157 118
109 159 119
94 169 123
93 169 123
91 168 126
92 170 125
94 170 123
95 167 125
94 167 123
97 169 121
98 167 120
99 168 118
98 167 120
92 169 119
91 169 118
92 169 119
94 168 120
94 168 120
91 167 123
91 167 123
91 166 124
91 167 122
90 167 126
92 167 125
94 167 124
96 168 124
97 167 121
96 168 120
87 166 123
88 166 123
89 164 122
88 164 122
89 165 121
88 167 119
78 165 127
80 164 128
82 163 128
80 165 127
79 165 128
80 165 127
81 165 129
80 164 128
80 166 126
83 164 128
81 164 127
80 165 127
82 163 126
80 164 128
85 162 127
86 163 127
86 162 126
86 163 125
86 163 125
110 171 127
116 171 126
115 171 127
115 172 126
118 171 128
118 172 126
123 171 126
125 168 126
125 169 125
128 168 126
127 168 125
127 168 127
124 169 126
123 169 126
123 169 126
125 169 125
128 168 123
132 168 123
134 167 124
133 167 124
133 168 124
132 168 124
131 168 123
128 169 124
96 163 137
98 162 134
102 162 133
104 160 133
109 160 131
110 160 130
109 161 130
107 161 133
108 163 130
106 162 133
101 163 133
101 163 135
96 163 135
93 164 135
94 164 134
93 163 135
90 163 135
107 155 123
104 155 124
105 155 124
106 155 125
109 157 119
111 156 122
113 155 121
111 154 125
110 155 127
89 160 128
89 159 130
89 159 130
90 158 128
89 159 130
92 158 130
92 158 128
94 156 130
97 157 130
98 155 130
97 156 130
94 156 130
96 158 128
95 158 130
90 158 128
93 158 128
90 158 128
89 160 128
89 158 130
93 158 130
97 158 127
97 158 128
97 155 130
95 156 130
95 157 128
95 158 128
93 158 128
104 173 128
99 172 127
103 172 127
102 175 128
101 173 129
103 175 128
104 176 130
106 177 130
107 178 129
109 178 130
109 179 130
112 178 130
114 178 130
111 179 130
112 180 130
110 180 129
111 180 130
109 180 129
108 179 131
107 179 130
108 178 130
109 178 130
111 178 130
111 178 129
113 179 127
115 179 128
114 179 131
113 179 130
112 178 130
112 178 130
115 179 128
116 180 127
116 179 130
121 179 128
121 183 128
124 183 128
126 183 128
123 182 129
121 183 128
121 183 128
122 182 129
124 182 129
124 181 128
124 183 128
124 181 129
126 181 127
125 182 126
126 181 126
124 181 127
122 182 126
120 181 128
121 181 128
120 182 126
120 180 127
121 181 129
120 182 126
121 181 128
122 180 128
121 180 128
121 181 129
120 181 128
117 182 129
119 180 127
121 180 127
122 180 127
122 179 128
122 179 127
121 180 127
121 181 128
120 181 128
120 180 127
118 182 128
119 180 127
119 181 129
119 180 127
118 180 129
107 181 130
108 181 130
110 183 129
111 183 129
112 182 127
109 182 128
111 181 127
111 181 127
113 182 127
112 183 127
114 182 127
116 182 127
119 182 125
119 181 126
118 182 124
117 183 127
117 183 126
115 182 128
116 183 126
113 183 126
115 184 128
111 183 128
110 182 129
109 182 127
112 182 127
112 183 128
113 183 128
112 182 128
111 182 127
112 182 126
114 183 127
116 184 125
116 183 126
116 183 126
118 183 126
116 183 126
114 182 127
115 183 127
108 181 130
107 180 130
109 180 128
108 179 128
108 179 131
108 180 130
108 179 131
120 179 128
121 179 128
119 181 128
119 180 127
120 180 128
120 180 127
121 180 127
121 179 128
123 180 127
118 180 126
117 180 127
119 179 129
119 180 127
126 182 126
126 181 127
126 181 127
126 181 128
102 176 132
104 176 131
104 178 129
104 176 130
108 176 129
111 176 128
111 174 128
114 174 127
111 175 128
114 175 126
114 174 129
110 175 128
109 176 128
108 177 130
108 176 129
107 176 131
105 176 130
105 177 129
120 180 126
120 182 125
119 181 126
118 182 126
119 181 129
119 182 127
120 182 126
121 180 127
122 182 126
122 182 126
118 183 124
117 182 127
119 180 127
117 182 127
117 182 127
105 176 130
107 176 128
109 178 129
109 177 127
111 176 128
109 177 128
110 175 128
113 176 128
115 176 128
117 177 127
117 175 126
116 176 126
114 177 128
111 176 129
92 168 126
94 168 126
93 167 127
92 169 127
91 168 127
94 169 127
94 168 127
93 168 127
93 168 127
91 168 128
92 168 127
91 168 127
94 167 128
127 186 128
126 187 126
127 186 129
92 172 127
91 172 127
89 171 130
89 172 128
90 172 127
90 171 128
91 170 127
89 170 128
91 171 128
89 170 127
91 171 128
92 170 126
92 171 128
91 171 128
91 171 128
91 170 127
91 169 126
88 170 128
88 170 127
89 170 128
88 170 128
89 170 129
90 171 128
90 171 128
90 172 127
90 170 126
92 170 128
117 185 127
119 185 126
120 184 126
117 185 125
115 185 127
116 185 126
113 185 126
112 184 128
114 186 126
116 186 126
115 185 126
115 185 126
119 179 127
120 177 128
120 177 128
117 178 127
118 178 128
117 180 127
118 178 127
122 177 129
122 178 125
124 178 125
124 177 126
122 178 127
119 178 129
119 180 127
116 177 131
127 181 128
128 181 125
125 181 126
123 182 126
124 182 126
126 181 126
127 182 126
126 181 126
92 170 126
91 170 127
93 169 125
94 168 126
95 169 124
95 169 124
95 169 124
94 170 125
92 169 125
92 170 126
130 186 128
131 185 130
131 185 127
132 185 129
134 186 128
133 185 129
132 186 128
131 186 128
134 186 128
130 186 130
130 186 128
129 185 130
93 171 128
92 171 128
94 172 127
89 171 128
89 171 128
89 172 127
89 172 127
83 169 126
83 170 126
82 169 125
90 172 130
95 176 132
101 180 130
102 181 132
106 182 132
109 182 132
109 182 133
94 174 130
88 170 126
88 168 126
86 168 126
101 162 116
102 159 119
104 158 117
104 160 116
103 161 118
102 159 116
104 157 120
106 156 119
109 159 118
94 156 122
97 159 124
88 158 124
93 157 124
93 163 122
99 163 119
97 160 122
80 161 125
90 160 122
96 159 126
92 159 123
87 159 121
80 161 122
96 158 123
95 159 120
88 162 119
92 162 119
89 162 122
92 159 123
92 162 120
93 158 123
96 160 116
101 159 119
100 157 124
96 161 120
82 156 121
80 154 121
76 152 124
80 154 122
75 155 126
78 151 126
82 150 126
81 148 121
69 151 126
86 155 126
78 157 123
79 154 124
77 152 124
81 153 121
66 155 122
87 151 123
80 154 120
81 152 122
83 153 121
80 149 126
72 150 126
120 160 116
128 158 117
112 168 117
114 160 122
102 161 120
109 162 119
118 162 119
103 166 117
119 161 120
118 160 116
121 160 116
138 157 117
133 159 117
129 156 116
134 158 117
124 161 114
85 154 124
85 150 125
91 152 124
90 151 123
84 154 123
80 155 122
91 152 126
90 151 123
90 153 119
97 151 125
88 148 127
89 154 125
84 154 123
91 147 126
90 152 121
88 151 125
83 157 123
86 153 122
79 150 122
83 151 125
80 154 121
80 153 125
89 154 123
86 155 120
97 152 126
117 154 115
118 155 117
119 156 117
112 158 116
115 155 117
115 154 121
116 156 119
113 153 121
118 155 117
123 154 115
131 151 120
118 152 118
118 153 124
110 157 125
112 156 120
135 154 121
112 156 117
118 156 119
119 155 122
115 154 121
111 158 120
111 159 116
115 157 117
115 155 118
118 155 121
118 154 120
114 153 119
121 152 116
120 149 122
121 153 121
127 151 116
134 152 118
124 153 118
115 156 117
114 153 119
86 162 125
83 163 121
85 159 124
82 161 126
88 162 123
86 162 121
92 159 123
86 161 126
85 164 123
86 162 121
88 160 123
89 156 122
89 156 122
88 162 119
89 162 121
90 160 122
86 160 123
92 162 123
86 158 125
85 162 123
87 162 122
86 163 124
84 163 122
81 165 120
85 163 122
83 164 123
87 159 123
90 161 124
89 161 122
91 159 127
86 162 123
88 162 124
84 163 122
82 163 122
88 161 125
85 162 122
84 162 124
87 161 125
84 163 125
84 164 123
88 160 123
88 160 122
89 160 122
85 159 121
89 158 124
91 159 125
86 161 127
86 161 126
85 164 123
87 162 124
108 162 119
103 161 118
102 163 119
102 162 121
105 161 119
100 164 118
107 164 120
101 165 121
101 165 121
103 163 123
102 163 119
101 163 119
101 163 122
102 165 118
104 163 119
100 164 118
98 167 116
100 163 119
98 164 115
101 163 117
99 162 121
102 162 121
102 162 117
100 161 117
102 162 119
192 141 101
188 138 109
184 141 107
197 139 102
190 141 101
204 139 102
160 144 109
150 154 113
136 157 111
151 155 109
152 153 110
145 156 109
164 152 110
160 151 109
170 147 108
176 144 108
191 144 101
181 143 106
75 164 126
77 161 125
76 161 123
77 161 123
75 162 124
72 162 127
75 160 127
70 163 123
73 162 127
74 162 124
77 161 125
77 162 124
76 164 123
79 161 129
81 164 128
81 163 128
80 161 125
80 164 125
85 162 129
81 162 129
77 163 128
82 163 128
80 163 127
82 164 129
81 162 133
81 164 132
81 164 128
82 166 127
107 165 117
108 165 119
106 160 122
104 163 120
104 163 118
103 163 121
105 165 118
105 163 120
102 165 119
104 164 119
105 163 118
97 167 117
103 164 120
104 163 120
104 163 119
96 162 123
89 165 121
85 162 124
82 159 121
83 159 121
75 161 123
73 156 134
66 158 134
67 159 135
60 159 136
61 158 136
64 157 136
66 156 132
66 158 129
65 158 129
71 156 136
68 158 129
71 157 127
73 160 126
77 158 126
74 158 121
72 160 124
72 160 128
65 160 125
78 160 123
69 159 123
70 158 131
72 156 135
66 159 135
66 160 134
67 161 132
68 161 133
66 158 140
69 159 134
64 159 137
64 160 135
67 159 137
65 161 138
65 158 138
73 157 137
80 158 137
71 159 135
69 158 134
66 159 135
69 159 136
67 158 129
65 159 131
58 157 135
58 157 138
64 154 124
63 161 127
69 158 131
64 159 119
81 159 113
83 155 116
73 158 114
85 157 117
78 156 119
83 159 115
74 158 124
65 158 129
79 153 141
56 158 126
54 154 134
55 150 137
47 152 135
49 156 132
52 153 137
43 155 136
54 156 136
55 156 134
55 157 133
71 156 129
54 155 132
58 158 133
56 152 136
70 158 131
73 155 132
67 156 135
87 154 135
79 158 132
76 154 133
72 156 136
73 158 131
61 155 136
75 154 137
72 158 137
69 155 135
65 154 133
75 154 128
63 156 131
64 155 138
69 154 136
70 159 128
63 157 129
70 156 128
67 155 129
76 158 128
67 155 129
64 156 134
66 155 129
52 159 127
64 156 131
66 156 127
57 160 129
69 159 125
68 158 129
70 157 129
54 157 128
67 156 131
67 159 134
70 155 135
69 154 132
71 156 126
68 156 132
68 156 131
65 159 128
71 158 131
66 157 127
66 156 131
77 154 128
71 156 130
70 159 126
70 156 131
65 155 135
65 157 132
61 156 134
76 155 121
73 155 120
68 153 121
81 155 120
67 154 120
66 156 127
66 156 129
62 155 127
61 152 138
60 151 136
61 153 135
54 152 137
54 154 138
54 152 143
53 151 135
54 152 134
45 153 135
54 152 135
53 148 136
51 152 138
52 151 139
52 156 140
58 150 136
