128 94 152
128 93 154
134 95 152
134 96 152
131 95 151
130 93 153
129 94 154
128 94 155
128 93 154
130 93 154
131 93 154
133 95 152
131 96 153
133 96 152
135 96 151
134 96 152
134 95 152
132 94 152
128 95 154
127 95 153
125 95 154
124 97 154
124 98 151
124 98 150
128 96 153
129 95 152
131 97 151
132 95 154
134 96 150
136 98 149
135 98 149
135 96 149
136 97 151
136 96 149
135 95 151
135 94 152
135 95 152
135 94 151
134 95 152
130 93 154
129 94 152
127 94 154
126 96 153
125 95 153
128 94 155
129 94 156
131 95 151
132 95 153
131 96 153
127 95 153
125 95 153
127 95 154
128 94 153
127 94 154
126 95 153
130 95 153
130 94 154
130 95 152
132 95 153
133 94 152
133 96 153
136 96 152
137 95 152
133 95 152
132 95 152
130 94 153
127 94 155
126 95 153
126 95 153
126 96 154
125 96 153
127 96 153
128 95 153
130 95 152
133 96 153
135 96 152
135 97 150
136 96 153
130 95 153
141 96 152
143 96 153
147 97 151
149 97 151
149 97 151
140 97 152
137 97 151
136 96 153
139 97 150
139 96 152
141 96 153
145 97 151
151 99 151
160 100 149
171 104 145
179 105 148
179 106 147
171 104 147
160 100 150
152 98 150
146 97 151
148 96 149
149 97 150
148 97 151
143 98 150
141 97 150
140 97 151
138 96 153
137 98 151
139 96 152
143 97 151
147 97 151
145 97 151
130 94 145
127 94 145
127 94 144
127 94 145
128 95 143
130 95 143
129 94 141
127 94 143
126 94 143
127 93 144
130 95 143
132 95 145
130 96 144
129 94 145
126 94 144
124 94 143
126 96 142
125 96 141
131 96 141
132 96 141
131 95 141
129 96 141
109 99 144
111 100 144
113 98 145
117 98 145
120 99 145
121 99 143
114 100 143
111 100 144
110 99 145
108 100 144
149 95 152
150 95 149
154 95 151
159 97 150
167 99 148
170 100 148
181 104 145
187 108 144
187 109 144
188 109 144
181 103 145
151 96 150
148 95 149
145 94 150
144 94 152
147 94 149
147 94 150
138 97 155
143 98 152
147 98 152
155 99 152
155 99 150
152 97 153
149 97 152
143 95 154
142 95 154
141 96 154
141 94 156
137 96 151
140 95 153
130 93 154
95 101 146
96 101 145
96 101 145
96 101 145
96 101 145
94 101 146
93 102 145
91 103 145
89 101 146
91 101 145
91 101 146
93 101 146
95 101 146
97 101 145
98 101 145
96 101 145
98 101 145
97 101 145
97 102 146
100 101 145
93 102 142
92 102 144
91 103 145
92 102 145
94 103 143
94 102 143
94 103 143
94 101 145
136 95 150
135 94 151
137 96 150
136 95 148
140 95 150
136 95 148
137 95 150
134 95 149
134 93 150
134 94 149
137 91 151
135 94 150
133 93 150
133 94 150
136 95 149
136 94 149
138 94 151
135 96 150
133 94 150
133 95 149
133 94 150
134 94 149
135 92 149
135 93 149
139 93 150
138 93 150
135 93 150
136 95 151
137 95 150
137 95 151
135 96 148
132 93 151
131 93 151
132 93 151
132 94 149
134 95 150
136 95 150
136 95 149
134 92 152
135 93 151
136 95 148
137 93 149
135 93 149
136 92 151
126 94 145
128 93 145
129 91 147
130 90 148
130 91 147
130 92 146
127 92 147
126 93 148
128 93 148
126 93 147
123 92 149
122 93 147
120 93 147
120 92 147
126 92 149
129 91 147
130 91 146
130 92 147
126 93 147
128 94 146
128 95 146
130 94 147
128 93 148
127 95 146
128 95 146
131 95 147
134 95 145
130 96 145
131 96 144
127 96 145
129 95 146
126 95 147
129 95 147
125 95 147
126 95 146
129 94 147
128 94 147
127 95 146
128 94 146
97 101 142
97 101 142
97 101 142
98 101 142
99 101 141
100 100 142
97 104 141
100 100 144
97 100 143
95 100 144
95 101 141
96 100 144
95 100 145
100 99 143
97 102 143
98 102 141
152 91 152
153 89 152
154 91 152
152 89 151
152 90 150
154 90 152
150 87 154
150 87 154
150 88 153
152 88 152
153 89 152
152 87 155
152 88 151
152 89 152
150 88 151
147 89 151
151 88 150
150 88 151
151 88 151
124 96 150
125 94 150
125 96 150
125 96 150
124 97 148
122 98 148
122 97 149
125 97 151
127 97 149
126 98 148
129 94 156
128 93 157
124 94 158
122 95 157
111 97 152
108 97 155
118 95 156
123 94 157
122 95 156
117 95 155
113 95 154
110 96 154
106 98 151
105 97 152
106 97 152
119 95 156
122 94 156
124 94 158
130 93 158
129 94 159
120 95 155
114 96 154
113 96 156
111 95 155
117 97 152
118 97 153
119 97 152
125 96 153
123 97 150
123 98 151
121 97 152
123 96 153
109 96 150
91 103 148
97 101 148
95 102 148
97 101 147
99 101 145
99 102 146
99 100 147
107 98 148
107 98 148
106 98 147
108 99 146
111 96 150
109 98 145
109 98 144
109 98 144
105 98 145
105 97 147
105 99 146
105 97 147
107 98 148
109 99 145
107 98 146
104 100 146
101 100 144
103 101 144
105 101 145
104 101 145
106 102 144
110 101 146
109 101 144
108 101 146
107 101 141
107 100 144
106 99 145
106 100 147
104 102 146
149 105 110
139 103 120
135 101 127
137 101 130
133 100 128
135 102 130
139 103 130
137 103 129
138 102 127
138 103 126
139 102 125
92 103 143
92 102 141
94 101 141
99 101 142
98 102 140
98 102 141
101 102 141
101 102 141
98 102 141
99 103 140
98 102 141
121 94 153
121 94 153
123 94 154
125 94 153
127 96 153
125 96 151
125 94 154
125 95 152
123 94 150
121 94 154
120 95 153
121 95 154
122 94 155
123 94 152
122 95 152
123 95 153
124 95 153
127 95 152
136 94 150
133 93 153
133 93 153
134 94 153
131 94 152
109 96 150
111 96 153
110 96 151
111 96 152
112 96 151
114 96 151
166 112 147
163 111 146
162 109 147
157 106 149
156 105 151
142 100 150
138 98 151
136 97 151
138 100 150
144 102 150
147 102 151
154 105 149
154 107 147
155 108 147
152 104 148
149 103 150
143 101 151
139 100 150
139 100 149
114 106 139
116 108 139
117 105 138
120 106 137
121 106 137
124 106 139
123 107 139
127 106 138
130 104 138
131 109 134
132 107 137
129 107 137
127 106 138
126 105 138
121 105 141
118 105 140
116 107 138
118 105 140
118 103 142
121 104 141
121 103 144
124 101 143
123 102 143
127 106 138
128 104 140
127 104 138
96 110 142
94 110 139
95 108 142
96 109 141
97 109 141
97 111 137
101 109 141
99 109 142
103 108 139
101 110 139
101 110 139
103 109 141
100 111 138
103 110 136
98 109 137
98 109 141
97 109 143
92 110 139
94 109 141
95 109 141
96 109 141
101 111 140
99 110 140
98 108 140
99 112 137
117 104 140
117 105 138
119 106 138
121 106 137
120 107 136
120 105 138
123 106 136
122 106 136
123 107 135
122 106 136
112 108 136
117 106 139
121 105 138
119 107 138
121 105 138
121 105 139
121 105 139
122 107 138
112 101 145
114 102 145
114 101 147
110 102 146
107 104 145
107 103 143
109 103 146
109 103 144
111 103 146
104 103 145
101 107 142
100 107 143
102 107 143
99 106 142
100 107 143
99 107 142
100 107 142
99 107 142
99 106 144
99 105 146
100 104 145
103 104 146
106 104 144
108 101 147
114 101 145
115 100 147
104 108 140
102 107 142
101 107 142
105 107 139
103 107 143
103 108 140
104 107 141
103 108 139
105 107 142
105 107 142
104 108 140
104 109 139
104 110 139
118 107 135
121 106 137
121 107 136
119 107 136
82 110 142
85 109 143
86 109 144
87 107 146
89 109 142
92 106 147
93 106 145
91 108 144
92 108 144
88 108 145
91 108 145
90 108 143
91 108 144
91 108 145
90 108 144
92 108 143
93 107 143
93 108 144
94 109 143
97 109 141
95 109 141
95 109 141
95 108 140
94 110 140
99 110 139
100 110 140
112 98 152
112 100 151
115 99 153
115 99 153
113 99 151
113 100 151
111 100 151
108 100 151
110 100 150
112 101 151
111 100 151
113 101 151
112 100 151
115 100 151
112 100 153
112 100 151
113 100 154
112 100 150
111 102 150
108 102 150
108 101 149
107 101 152
108 102 150
105 100 150
108 100 150
107 101 150
111 101 151
113 99 153
114 99 152
112 99 153
113 100 152
113 100 151
112 100 151
109 100 153
111 99 153
111 100 151
111 101 151
114 99 151
111 101 151
112 100 151
112 100 151
113 102 150
111 99 153
112 100 152
110 100 151
111 101 151
111 99 153
108 100 150
106 102 149
106 102 147
103 103 149
105 101 150
110 102 149
110 100 154
111 100 151
112 102 150
118 99 152
119 97 154
119 98 152
121 99 154
124 98 154
119 99 153
123 98 154
121 99 154
122 97 154
120 98 155
119 97 153
122 98 152
119 97 154
119 98 153
120 98 154
118 97 154
117 97 152
117 98 152
117 98 152
119 97 154
118 97 155
122 97 154
123 99 154
122 97 154
122 99 153
120 99 153
120 98 154
120 99 153
123 98 154
92 107 148
93 104 149
88 106 148
92 107 148
94 106 147
94 106 148
94 106 147
97 107 149
95 107 149
95 107 147
96 106 148
94 107 148
94 108 147
93 106 149
90 107 148
92 107 149
115 99 153
113 99 151
115 98 155
118 100 155
121 99 154
120 100 151
122 99 153
123 98 151
125 99 152
127 100 154
122 100 153
124 100 154
124 100 153
125 99 153
125 99 155
126 98 156
124 99 153
128 99 153
130 100 152
132 100 153
126 98 152
120 99 152
118 100 152
111 99 150
114 100 153
113 99 154
113 99 155
116 99 154
121 99 155
120 99 152
117 99 152
115 101 152
112 100 153
110 100 152
117 99 153
114 99 154
114 100 153
112 100 153
83 109 149
82 109 149
81 108 149
84 108 150
89 106 150
86 109 149
85 108 148
88 108 149
87 107 149
84 107 148
85 108 149
81 109 148
80 109 149
140 96 156
140 96 153
143 94 154
145 97 151
148 98 152
149 99 149
151 99 149
148 98 151
147 98 149
145 98 151
140 97 152
139 98 155
134 97 153
136 96 155
141 97 155
142 97 153
143 99 154
122 99 149
122 100 153
121 101 152
118 100 153
119 100 150
120 99 152
112 100 152
111 100 150
113 101 152
119 100 152
117 101 152
120 101 151
122 101 150
123 101 152
122 101 152
88 108 146
89 107 149
84 108 147
86 107 148
86 107 146
85 109 146
88 110 145
90 110 146
90 109 145
90 109 145
91 108 147
88 108 147
168 99 136
166 99 136
171 101 132
178 103 125
178 102 134
177 102 139
180 103 141
178 105 141
181 104 141
185 107 140
184 107 140
187 107 140
188 110 141
197 110 141
195 109 142
193 110 141
191 109 140
186 107 140
183 106 142
177 102 137
179 103 128
184 104 123
190 104 118
202 106 111
195 106 113
194 109 112
144 98 145
143 98 147
137 99 147
133 98 147
134 99 147
135 98 147
129 100 145
127 98 148
137 98 145
120 106 139
121 105 141
120 105 140
118 103 143
118 103 147
96 101 147
96 101 149
97 99 150
96 101 147
96 100 147
93 100 149
90 101 146
90 101 148
95 99 149
92 103 147
95 101 149
96 101 149
98 101 146
96 101 147
95 101 147
89 105 145
90 103 146
88 104 146
87 103 146
87 101 148
89 102 148
90 101 148
93 100 150
84 106 145
85 106 143
85 106 145
84 105 145
82 106 145
83 105 144
83 105 146
81 107 144
81 107 145
80 105 145
79 106 145
78 106 144
82 107 143
82 106 144
83 105 142
85 104 146
88 104 146
87 104 147
87 105 143
87 105 145
89 104 144
88 106 144
87 105 144
87 104 144
85 105 144
84 105 145
82 106 145
92 99 147
91 101 142
90 101 145
93 99 146
94 98 147
97 101 144
100 100 146
103 98 146
105 97 148
106 99 146
101 97 148
100 99 147
97 98 147
105 96 148
104 99 146
101 98 146
97 98 147
95 100 148
96 97 151
97 97 149
96 98 149
102 98 149
109 95 151
111 95 149
116 94 148
119 93 150
116 94 148
112 96 145
107 97 146
105 96 146
100 98 145
97 99 146
93 99 146
92 98 148
94 99 149
101 97 149
105 96 150
101 96 150
99 99 148
105 97 148
111 96 149
112 95 148
108 98 143
106 98 149
113 98 151
114 99 151
115 97 152
113 99 151
111 99 152
114 99 152
115 97 153
119 98 150
119 98 152
116 98 151
117 97 152
114 97 151
112 99 150
111 99 150
111 97 152
113 99 151
112 98 151
115 97 153
118 97 154
118 97 154
119 98 152
121 96 153
118 97 152
117 97 152
114 97 153
112 98 151
111 98 151
115 99 150
115 98 153
115 100 150
117 99 151
119 98 153
120 97 154
120 97 154
117 97 154
115 98 153
115 98 152
114 97 152
112 98 152
112 99 148
113 98 151
113 99 149
113 99 151
112 98 151
113 99 153
112 100 151
113 99 151
114 98 153
115 98 153
117 99 152
117 99 152
117 98 153
116 98 152
115 99 153
105 100 147
105 101 148
100 100 147
101 101 148
102 101 147
100 101 148
99 100 149
101 102 147
102 103 145
101 103 146
100 102 146
101 101 149
102 102 147
102 101 149
102 102 149
104 100 148
103 102 147
104 103 146
100 103 145
101 104 146
101 102 147
102 103 145
102 103 148
103 102 147
106 101 148
107 102 148
107 103 148
105 101 150
107 101 149
105 101 149
103 101 148
102 103 146
100 104 145
102 103 145
101 103 145
99 103 145
101 104 145
101 102 147
100 103 145
99 103 144
101 102 147
101 102 147
103 101 147
104 101 148
103 101 148
103 101 148
101 103 145
102 103 146
101 103 145
100 101 148
100 103 145
99 102 146
101 102 147
99 103 146
100 103 148
98 104 145
100 103 146
100 104 146
101 103 146
102 102 147
103 101 148
103 102 149
105 101 147
106 102 149
106 102 149
103 105 131
105 105 131
105 103 135
107 102 136
108 102 137
105 101 138
105 102 137
105 103 135
105 102 137
107 102 137
107 102 137
109 101 139
111 100 144
111 103 140
98 103 140
97 104 138
93 105 139
89 103 143
87 104 144
88 103 147
94 103 141
97 103 141
101 103 138
101 103 140
127 95 152
126 96 151
126 96 151
126 96 149
127 96 150
124 96 151
124 97 150
111 100 150
112 100 150
112 99 152
115 98 152
115 99 150
115 99 149
119 99 149
115 98 152
118 99 152
118 99 150
119 99 150
115 98 152
101 104 145
100 104 146
104 103 145
101 104 144
103 102 147
103 103 145
99 105 146
118 97 152
119 97 153
89 103 145
92 103 146
92 104 145
91 105 143
92 104 144
88 104 145
89 105 144
87 105 144
85 106 142
126 99 152
124 98 152
125 97 153
125 96 151
122 97 151
122 98 152
123 98 152
130 98 151
104 101 152
105 101 152
104 100 151
105 100 150
104 100 151
105 100 150
106 100 151
106 99 151
105 101 152
105 99 151
105 101 152
102 100 152
103 99 153
102 101 150
103 100 151
121 96 152
121 96 151
121 96 150
117 97 151
119 96 150
118 97 151
119 98 150
119 96 153
120 96 151
118 97 151
119 97 149
117 97 151
118 97 151
112 99 153
110 100 151
110 101 152
110 100 150
108 100 151
109 98 152
110 99 153
112 99 153
112 100 151
112 99 153
112 99 153
117 99 149
117 98 152
117 100 148
118 100 150
109 101 150
109 100 151
111 100 150
112 100 150
113 101 150
113 100 150
115 101 149
115 101 149
110 100 148
110 102 150
112 102 147
113 102 150
113 102 145
109 101 149
109 101 149
108 100 150
109 101 149
129 99 153
123 98 150
126 98 154
122 99 150
94 103 149
95 103 146
95 105 146
96 103 146
96 104 146
96 104 146
96 104 145
96 104 144
108 100 151
110 99 151
109 101 149
108 101 149
108 101 149
108 100 150
110 101 148
108 103 147
110 101 149
109 101 150
106 102 150
105 103 149
112 110 134
109 109 135
103 108 137
103 105 139
105 108 137
108 109 135
109 108 134
74 108 140
88 109 144
78 109 143
81 112 140
83 107 145
80 110 137
79 106 139
81 108 141
83 105 143
92 108 138
89 107 141
104 111 136
70 111 140
91 111 136
94 109 138
88 108 141
79 107 139
96 108 139
93 109 139
94 108 137
90 111 133
90 105 141
77 110 139
88 110 134
87 107 137
90 109 138
78 110 137
100 109 137
87 109 137
87 111 135
86 110 139
86 112 139
91 111 138
86 110 137
90 109 137
94 107 141
90 106 137
82 108 139
95 108 138
88 109 137
89 106 138
94 108 135
92 106 141
92 107 136
85 104 139
78 106 140
94 107 139
89 108 138
92 111 139
93 107 138
91 107 140
113 104 133
122 107 130
122 103 135
129 104 135
129 101 136
122 103 135
118 108 132
140 104 136
122 103 135
119 103 135
115 105 136
112 106 134
120 106 132
129 105 135
117 104 135
127 104 137
111 103 135
115 104 137
124 106 136
113 103 135
117 102 132
117 100 143
71 112 143
77 111 144
91 112 140
58 112 137
80 111 139
81 108 141
86 110 137
96 112 129
116 107 125
128 102 126
137 107 120
167 108 112
181 104 115
177 103 113
139 107 115
117 103 125
110 103 131
109 107 128
136 106 122
116 103 125
89 108 135
108 109 135
77 104 144
82 110 139
95 107 138
88 104 146
97 110 138
103 113 133
91 110 146
87 106 142
90 106 140
86 108 141
89 108 140
92 110 137
78 110 138
101 111 141
88 111 136
89 108 145
91 109 144
92 108 143
94 110 139
102 108 138
90 110 139
97 111 136
90 109 137
97 106 142
81 106 140
93 107 138
91 108 141
97 109 138
90 111 136
92 110 134
90 109 136
88 106 144
117 99 138
125 100 133
118 104 137
125 103 138
122 104 133
119 100 136
121 106 137
129 106 130
131 105 135
98 104 128
102 107 129
104 106 131
100 108 130
98 102 139
99 104 136
114 104 135
101 103 137
88 105 135
108 108 132
105 103 136
104 108 128
120 104 133
106 104 133
105 107 129
109 106 130
112 102 137
103 106 130
84 103 138
83 105 133
97 106 131
99 105 132
95 104 133
94 103 139
93 105 139
92 107 131
89 106 134
97 106 132
100 105 133
100 102 134
99 107 130
97 104 138
98 107 131
97 107 135
89 108 135
97 104 136
90 104 138
95 105 135
92 106 141
96 108 136
95 104 142
93 105 139
77 103 141
97 106 141
95 104 142
99 107 138
102 109 139
95 105 142
96 107 140
97 108 135
105 105 140
96 103 143
77 109 137
94 110 137
74 114 135
66 109 137
91 105 137
90 109 137
91 106 138
93 109 133
99 109 133
114 105 129
114 106 123
109 107 128
105 104 131
99 111 127
100 110 128
100 106 130
104 108 135
101 106 135
62 111 141
81 112 140
64 112 141
66 116 137
75 112 141
84 110 138
72 109 136
85 108 138
80 110 139
85 110 137
94 108 140
120 106 132
123 104 131
124 98 136
126 104 131
125 103 129
116 106 125
134 106 128
125 102 135
121 105 126
122 100 131
126 104 126
130 103 130
98 107 142
95 107 138
94 110 137
99 106 140
99 106 137
99 106 141
99 104 145
98 107 143
102 107 139
99 108 141
102 110 143
101 110 143
101 107 143
95 105 144
96 109 141
91 108 144
89 105 145
97 108 143
93 109 144
96 108 142
101 106 141
97 106 139
97 107 141
98 107 142
97 108 140
99 108 139
80 111 144
71 109 144
75 112 139
80 110 143
79 109 144
81 112 143
78 110 144
74 114 146
82 110 148
82 111 143
73 113 144
71 111 144
69 114 141
77 112 147
80 109 140
83 111 143
78 113 140
66 111 143
87 108 142
113 104 135
114 106 134
113 104 135
117 106 130
118 104 136
117 103 131
94 104 132
113 106 130
114 103 131
117 101 133
94 109 136
99 107 138
89 107 136
87 106 135
84 108 138
91 109 135
88 111 136
93 108 137
89 110 141
102 106 147
99 109 144
99 105 147
99 107 141
102 106 143
91 105 145
98 105 144
111 109 141
98 109 141
100 108 145
107 108 142
95 108 142
97 107 145
97 106 142
94 108 140
85 110 142
80 106 143
73 106 146
79 105 144
79 110 142
69 108 142
74 107 145
73 108 144
78 109 143
74 112 143
101 107 144
79 106 143
96 110 141
82 108 142
71 110 142
88 108 142
88 106 145
89 107 146
93 107 143
87 107 141
92 110 141
77 111 142
91 111 139
89 110 145
89 112 141
87 109 142
91 111 141
107 107 142
92 107 142
88 108 142
99 106 147
85 110 144
84 108 147
87 108 146
73 109 142
82 109 142
84 110 145
72 110 146
83 112 145
80 110 143
80 108 143
86 109 143
80 109 143
83 111 144
86 107 147
93 113 143
79 109 148
120 103 136
120 103 138
116 102 138
117 103 136
117 104 138
120 105 136
76 108 151
78 107 147
74 109 153
75 111 150
87 105 142
89 107 146
90 106 142
94 104 143
92 107 142
98 107 139
94 104 141
89 107 140
85 106 145
78 108 147
72 110 148
74 111 152
68 113 149
73 116 147
69 113 150
70 112 148
68 113 148
76 111 148
77 111 148
72 109 150
75 110 147
75 110 146
77 109 148
87 106 146
93 106 145
96 107 142
94 104 140
89 106 140
81 108 147
76 110 147
78 109 146
75 110 148
72 112 146
73 111 149
77 108 144
80 110 144
79 109 147
60 117 144
58 115 148
58 114 147
52 118 146
53 115 148
59 116 145
60 113 149
62 114 143
56 116 146
100 110 138
101 110 139
101 113 137
98 112 141
97 111 137
101 109 143
70 109 149
71 112 146
63 110 150
66 112 151
65 113 148
68 111 156
70 105 160
64 115 144
