109 168 168
110 167 169
109 169 168
114 168 167
114 168 168
112 168 168
112 168 168
107 169 168
108 168 169
110 169 167
111 168 166
114 168 168
116 167 169
117 168 167
117 167 169
117 169 167
115 168 168
114 168 169
112 168 168
110 168 167
107 168 168
105 168 168
107 169 167
109 168 168
109 169 166
111 168 167
113 168 169
116 167 169
114 168 167
112 168 168
111 168 169
109 168 168
109 168 168
109 168 168
109 168 166
110 167 166
110 168 166
109 166 165
117 171 169
119 170 170
119 169 169
121 169 169
121 168 170
117 169 170
114 170 168
113 169 168
110 170 168
111 170 167
112 170 169
113 170 170
114 170 169
114 170 168
117 171 169
122 168 168
124 169 170
124 169 166
125 169 167
125 169 166
122 169 167
119 169 166
119 169 167
118 167 167
114 168 168
113 167 167
110 168 169
111 170 167
114 170 170
114 170 170
113 170 169
128 168 168
128 168 170
127 169 167
128 169 166
130 168 166
130 168 166
130 168 166
130 168 165
128 169 164
128 168 166
127 169 166
126 167 166
125 169 168
128 169 168
128 169 166
129 169 167
129 169 165
130 169 165
132 169 166
117 171 166
117 170 165
118 170 165
119 171 164
121 170 163
122 170 164
122 170 163
120 169 165
119 170 166
110 164 161
110 164 161
110 165 156
113 165 155
113 164 158
111 164 157
110 166 157
108 165 158
105 164 159
104 164 159
104 164 159
105 165 156
107 164 160
109 164 157
112 164 158
111 164 158
113 165 157
113 165 157
116 164 157
115 165 155
113 165 155
110 164 157
108 163 155
110 164 157
108 164 159
107 163 157
103 163 158
101 163 157
101 163 157
100 163 159
101 162 160
104 162 159
106 163 160
106 165 158
108 165 157
109 164 156
108 164 159
108 165 158
109 164 158
132 169 165
132 171 164
133 169 164
134 169 164
137 168 164
137 168 163
138 167 160
136 168 160
134 168 162
134 170 162
135 169 163
134 170 164
133 170 164
133 170 165
133 170 165
133 164 159
139 163 158
166 157 151
172 157 152
173 158 151
163 158 149
159 158 154
158 159 152
166 157 151
164 157 152
158 157 150
162 157 152
169 156 151
160 156 149
160 156 152
168 156 151
169 157 151
173 158 151
168 157 149
162 157 152
157 159 152
139 163 158
131 165 163
130 167 162
126 168 164
126 167 165
127 169 165
127 169 164
126 169 164
127 168 164
126 168 164
131 167 163
139 162 157
151 161 155
164 158 150
171 157 152
173 157 152
175 160 154
162 162 158
169 160 155
161 157 152
135 166 159
126 168 164
128 168 166
126 167 167
126 167 166
128 168 166
127 167 166
128 167 166
128 167 166
131 168 165
130 168 166
129 167 165
128 166 166
129 165 163
128 165 162
130 165 163
99 166 162
101 166 164
97 165 164
98 164 163
98 165 162
99 164 164
99 165 163
100 164 163
98 164 163
99 165 163
97 164 163
97 165 164
98 164 163
99 166 162
99 165 164
97 165 164
98 165 165
99 165 164
98 164 164
100 165 164
99 165 161
92 160 156
92 162 157
95 161 156
95 162 156
97 162 158
93 163 159
90 162 157
90 162 157
100 168 166
104 166 169
104 168 168
108 168 168
109 167 170
138 166 159
137 166 157
137 167 160
137 167 161
138 168 159
138 167 158
139 166 159
140 164 157
137 166 159
138 167 160
138 169 162
136 168 160
136 168 162
137 168 159
169 157 148
168 158 148
168 158 146
166 157 146
169 158 148
172 157 145
97 168 166
97 169 168
101 168 169
102 169 167
101 168 169
97 167 168
84 157 154
83 157 154
84 157 153
84 157 153
103 171 172
103 172 171
102 172 172
105 172 172
104 172 171
105 172 171
105 172 171
103 172 171
105 171 173
106 172 172
106 172 170
107 174 169
106 172 170
101 171 171
104 171 171
102 170 170
104 171 173
105 171 172
102 170 170
103 172 170
102 172 168
103 172 170
102 172 170
103 171 171
103 171 172
103 172 172
148 172 164
152 172 163
148 171 166
147 173 169
144 171 168
147 171 173
150 174 165
143 169 165
153 171 161
148 166 158
155 168 160
149 167 163
146 167 163
145 170 167
145 169 165
143 168 162
141 170 170
146 173 172
139 170 168
139 169 170
143 171 170
144 171 171
151 172 170
143 169 166
144 170 165
151 171 162
145 168 165
148 170 168
139 168 169
142 169 166
129 168 174
127 169 174
128 169 175
130 170 172
131 169 174
130 169 174
131 170 176
131 170 176
131 171 174
129 172 172
132 171 176
131 172 175
134 172 173
133 170 175
131 173 174
133 172 173
132 172 177
135 170 176
131 170 176
131 171 177
130 172 177
129 170 176
132 170 174
131 170 176
132 171 173
128 171 175
132 170 174
124 171 173
122 171 173
124 171 174
124 171 173
124 172 172
126 171 170
126 171 170
126 172 173
126 172 168
127 171 172
128 172 171
128 171 171
128 171 172
127 170 174
126 170 171
125 171 172
123 171 173
124 171 172
123 171 172
124 171 173
122 171 173
124 171 172
123 172 171
123 171 172
122 171 172
121 172 172
97 164 163
97 164 164
98 164 163
97 164 163
99 162 163
99 163 163
100 164 162
101 162 162
101 162 161
100 163 164
99 162 163
97 162 163
98 162 163
97 162 163
98 162 163
97 162 163
97 164 162
100 164 163
97 164 163
99 162 163
97 165 164
97 164 163
98 164 164
99 165 163
101 165 165
101 163 164
100 164 163
101 162 162
101 162 162
102 162 162
99 162 163
97 162 164
97 162 164
99 162 162
132 171 176
132 172 177
132 174 176
133 173 177
133 174 176
133 172 176
131 174 177
130 173 175
132 172 176
135 173 173
137 173 175
133 174 176
133 175 175
135 174 175
135 172 175
136 174 178
131 172 177
130 173 176
131 172 176
130 172 176
131 172 175
133 172 174
131 173 176
132 174 174
129 175 175
133 174 176
133 174 176
131 173 177
132 172 174
130 173 175
134 172 174
132 172 174
135 171 174
136 171 171
139 171 169
141 171 168
141 171 164
145 170 163
142 170 165
137 172 167
137 171 170
134 171 170
135 172 171
134 173 171
135 172 174
135 171 169
135 171 169
137 172 167
144 171 166
146 171 167
142 171 170
136 171 172
136 171 172
135 172 171
134 171 170
136 171 172
138 170 168
134 169 164
135 168 166
136 168 163
137 167 161
136 167 157
138 166 156
139 167 154
143 163 154
144 164 156
138 167 158
137 168 165
135 168 167
135 169 163
135 167 167
134 169 166
136 168 165
136 169 164
135 170 162
136 169 162
114 159 158
113 160 158
114 160 160
109 160 158
110 159 158
109 160 157
109 159 157
110 158 158
109 158 160
110 157 161
111 159 161
112 158 159
114 159 158
116 159 157
115 158 157
119 158 155
118 159 158
116 159 157
117 159 158
115 160 158
116 160 158
117 159 159
116 159 158
111 158 158
108 158 159
109 157 158
105 159 157
107 158 160
104 159 155
105 157 159
106 158 156
105 157 159
108 158 159
110 158 159
108 158 159
107 159 160
108 160 160
112 160 158
111 160 157
115 159 160
114 160 160
113 160 157
115 159 157
114 160 158
117 159 159
115 158 156
116 158 158
114 159 158
112 158 157
112 159 159
109 159 160
109 159 157
107 160 159
109 157 161
109 160 157
109 160 158
107 160 158
109 160 158
109 160 159
122 162 161
123 162 161
121 163 160
118 163 161
117 162 161
121 163 160
120 160 161
122 161 163
120 161 159
121 161 158
123 163 162
124 162 162
126 163 162
126 163 162
121 162 164
120 163 162
120 161 163
120 161 161
118 163 162
116 163 162
116 162 160
116 161 160
117 161 161
116 162 160
120 162 158
122 163 162
125 162 161
127 162 161
126 162 161
92 156 153
93 156 153
92 155 156
89 156 153
89 156 155
93 155 155
90 156 156
90 156 155
94 156 154
94 156 154
95 155 155
94 156 153
95 154 155
95 154 155
93 156 154
91 155 153
94 156 154
91 155 153
92 155 153
94 154 154
93 156 154
93 156 153
91 156 156
95 156 154
129 158 159
129 160 160
132 158 158
138 157 155
139 157 154
139 157 155
136 157 154
135 158 155
132 158 158
126 160 159
125 160 160
129 160 160
130 159 158
133 158 157
135 158 158
138 157 154
140 157 155
140 156 154
143 157 153
135 159 154
131 158 158
127 160 160
104 154 153
108 153 153
104 155 155
103 155 153
106 153 150
105 152 150
106 152 153
108 151 153
107 153 152
106 152 154
105 154 152
103 155 152
103 154 149
101 154 151
102 154 152
103 154 152
105 155 152
105 155 154
105 154 153
104 155 153
105 155 153
105 155 152
107 153 150
107 153 150
118 157 159
118 159 158
117 159 159
120 158 160
119 157 159
123 157 158
116 159 159
115 159 159
115 158 159
117 158 160
99 155 155
101 155 156
101 154 157
99 155 154
99 155 156
100 156 157
101 157 157
102 157 154
101 157 156
104 156 155
105 155 154
104 154 157
103 155 156
102 155 157
101 155 155
100 155 155
98 156 155
98 156 154
131 161 163
130 161 161
128 162 164
128 162 161
126 162 163
130 162 159
126 163 161
106 157 154
106 157 156
107 158 156
109 155 159
111 157 156
111 157 156
112 155 157
109 157 158
111 158 157
110 157 158
111 158 157
113 158 156
114 158 158
115 158 157
114 158 157
110 156 157
108 159 157
105 155 153
104 154 152
105 155 152
106 154 150
108 153 150
107 154 149
104 154 152
104 154 151
104 156 151
105 154 153
107 155 150
106 154 150
109 154 149
109 153 150
108 152 149
106 154 150
109 152 150
107 153 152
106 154 150
104 154 151
104 154 152
104 154 152
103 154 152
104 154 152
104 154 151
111 157 156
111 158 157
111 156 158
112 157 158
112 158 157
113 156 156
112 157 154
155 156 146
159 155 144
159 155 143
168 155 138
175 155 134
179 154 132
193 150 123
197 151 122
198 151 120
192 150 124
191 153 126
191 153 131
185 153 131
182 155 131
176 155 133
163 156 144
162 157 145
166 155 142
164 155 142
162 156 140
170 154 138
172 155 137
174 155 133
184 151 131
200 149 116
215 150 111
216 148 110
196 151 119
191 151 127
185 152 128
179 157 132
166 156 140
115 152 152
117 153 153
117 153 152
116 152 152
116 153 151
117 151 149
118 151 149
119 150 152
120 151 151
119 151 149
112 150 148
113 152 153
105 153 150
113 151 150
113 151 150
115 151 151
116 153 151
114 154 148
112 153 151
111 152 153
141 155 159
139 156 157
138 156 156
137 157 154
138 155 154
138 155 152
141 156 154
142 155 154
138 155 154
135 157 154
134 158 157
132 158 158
133 158 157
131 158 158
130 158 156
133 157 154
132 157 155
112 158 157
113 158 157
115 158 156
115 158 158
119 157 156
118 158 155
118 158 155
114 158 154
134 158 156
132 158 156
128 159 157
129 158 158
131 159 155
131 159 154
132 158 154
133 157 154
135 158 153
138 157 152
139 157 151
135 158 151
133 159 154
131 158 156
128 158 158
129 158 154
133 157 154
131 158 154
127 158 159
125 160 159
129 159 156
131 159 155
131 159 154
131 158 153
132 159 154
102 157 156
101 157 156
103 157 158
101 157 155
104 158 156
106 162 160
106 161 161
105 162 160
105 163 163
103 163 162
107 164 161
106 161 161
101 160 161
95 163 162
94 160 165
94 158 163
91 159 164
94 158 161
100 161 166
149 154 149
168 150 136
160 150 139
146 155 145
134 161 154
138 159 152
142 158 151
146 155 150
155 152 147
159 149 145
173 145 138
135 159 162
131 160 166
129 161 163
127 161 163
125 162 161
123 162 168
118 164 167
118 163 170
114 163 171
115 162 169
92 159 163
91 158 164
88 159 162
89 158 164
86 158 165
87 158 157
88 159 162
87 160 161
86 159 159
86 159 159
83 155 153
83 152 153
82 153 153
80 153 154
80 153 154
81 153 154
83 153 154
84 153 154
83 152 155
86 152 156
83 152 154
84 153 154
84 152 154
83 152 154
110 155 152
110 155 153
104 154 148
108 152 149
108 154 149
109 152 150
110 154 150
109 154 150
112 155 153
111 156 153
112 155 153
107 156 151
100 155 149
100 154 148
104 152 148
108 153 148
106 154 149
107 153 150
106 155 152
114 163 166
113 165 160
110 167 166
113 165 163
115 164 163
116 166 164
115 163 161
111 163 164
112 163 164
112 164 167
112 166 166
113 166 163
114 165 163
112 164 166
113 164 164
114 164 165
113 166 166
114 167 163
114 166 163
117 165 166
116 164 164
118 165 162
117 164 165
114 165 163
114 165 161
109 163 162
103 160 159
101 159 158
98 158 161
98 161 157
98 160 160
99 160 160
100 160 159
101 161 157
100 161 156
99 161 157
97 159 158
98 160 162
97 158 160
100 157 159
99 160 162
102 161 163
103 160 161
100 160 161
102 161 163
102 161 163
101 160 163
101 160 162
102 160 161
102 160 161
101 160 162
101 160 161
102 161 163
100 162 162
101 161 166
101 161 163
101 159 164
101 159 162
103 160 161
101 160 163
102 160 161
101 160 161
99 161 157
99 162 161
141 171 168
138 170 174
138 173 171
138 174 175
138 173 173
137 174 172
136 173 173
141 172 172
145 175 175
146 175 176
143 176 170
145 175 172
142 175 171
142 177 169
148 176 171
162 173 168
159 176 174
156 177 172
155 178 173
156 178 170
151 175 169
151 175 165
156 174 168
147 173 173
101 162 160
99 161 160
102 161 160
102 162 162
101 162 161
101 162 161
104 163 162
102 163 161
104 164 160
104 164 160
105 162 162
104 162 159
106 163 160
105 162 160
124 175 178
123 172 179
125 172 174
124 173 177
124 173 178
124 174 177
125 175 177
122 175 177
124 174 178
124 173 176
127 174 177
124 174 177
125 173 175
125 174 176
124 176 178
124 176 177
119 173 177
119 172 177
115 170 175
115 171 173
115 170 172
114 170 172
115 170 169
114 169 172
114 168 168
114 168 169
116 167 170
116 166 167
114 167 168
116 168 167
114 168 166
115 170 168
112 170 169
113 169 169
115 169 169
114 168 167
115 168 166
114 168 169
113 169 165
115 169 169
118 170 172
120 170 172
120 170 173
120 170 171
98 163 158
97 162 160
98 161 160
98 160 160
97 161 160
97 161 160
99 160 161
98 161 160
97 161 160
99 163 160
97 162 160
99 163 159
97 163 161
101 162 160
102 160 158
101 160 161
99 160 161
99 160 161
99 162 161
99 162 160
97 162 161
98 164 162
99 162 160
99 162 161
101 162 160
100 163 159
99 161 160
99 162 162
123 175 175
121 175 178
122 174 177
123 173 179
123 172 176
126 172 176
123 174 174
123 174 174
124 174 175
123 174 174
121 173 176
122 173 175
124 176 173
124 174 176
122 174 177
121 173 176
133 169 173
132 169 172
130 170 171
129 169 175
131 169 170
131 169 169
130 171 167
130 171 166
130 170 171
128 170 169
109 168 164
109 168 166
110 166 165
108 166 167
109 165 166
108 164 164
107 165 164
106 165 164
108 166 166
108 166 167
109 166 168
107 168 164
106 166 165
110 165 166
107 164 165
109 165 164
110 166 162
111 167 164
111 166 167
111 166 166
111 167 166
111 166 166
110 168 164
109 169 165
108 166 165
109 165 169
109 167 163
110 165 166
108 165 163
107 165 165
109 166 166
109 169 165
109 168 168
110 168 165
108 166 168
109 167 166
113 166 166
113 167 168
111 171 171
110 171 171
108 171 170
103 169 167
100 165 160
93 164 158
90 161 155
89 158 158
89 158 156
104 172 170
105 172 168
108 173 170
110 173 172
114 172 174
117 172 174
113 172 172
111 172 172
111 172 172
85 160 154
86 160 154
86 159 155
87 159 156
159 165 162
149 163 163
155 164 164
162 164 157
164 164 159
159 164 159
148 166 163
147 166 165
147 165 163
135 173 173
136 173 171
135 172 171
133 172 173
132 173 173
133 172 172
131 172 172
92 155 164
86 153 153
88 154 153
90 155 154
91 152 152
86 153 153
87 155 153
85 155 155
88 153 155
85 154 153
84 156 158
86 154 157
86 154 153
82 155 154
87 154 156
86 154 156
88 154 155
86 156 156
83 157 150
93 153 155
87 151 152
87 155 155
89 152 154
88 156 156
83 161 151
91 151 157
90 153 156
90 158 156
89 153 156
88 156 156
88 151 153
85 153 159
90 151 154
82 155 155
84 154 150
83 154 156
86 154 156
86 152 156
83 156 152
88 155 155
95 151 154
91 150 151
89 152 151
88 153 154
90 151 151
85 153 150
87 153 152
89 150 153
89 150 151
86 153 153
87 151 152
90 149 149
90 151 151
82 154 151
83 152 154
82 153 156
83 153 153
85 153 148
87 153 151
85 151 151
78 154 148
79 153 155
86 153 150
80 154 152
84 153 153
81 154 152
87 153 150
80 156 154
84 154 150
81 155 154
84 155 153
82 154 151
83 156 152
80 152 154
82 155 154
84 150 155
83 155 152
85 153 153
83 155 153
96 151 156
95 153 154
93 155 152
93 153 154
95 154 154
92 156 153
89 157 153
91 157 157
86 159 156
86 156 155
82 158 156
79 157 154
83 155 155
83 157 159
84 157 153
84 157 155
81 158 156
86 158 155
80 156 156
87 152 153
86 157 152
89 152 151
88 153 154
89 154 150
90 151 150
97 155 155
98 150 151
96 153 149
96 150 153
93 152 152
92 155 150
90 152 148
90 153 150
87 155 147
84 153 153
92 152 151
93 149 152
93 149 149
121 149 148
120 149 148
119 150 147
117 150 149
119 148 148
115 152 145
117 148 151
117 151 148
115 151 147
112 154 149
118 149 148
115 151 147
121 146 150
119 148 147
121 147 149
120 149 148
119 148 152
115 151 151
124 149 150
116 150 154
115 153 154
115 152 152
117 148 152
116 150 147
116 151 150
115 151 147
119 149 148
104 150 134
107 152 138
97 153 141
95 152 143
92 154 146
84 157 149
92 153 147
90 155 140
86 153 149
79 157 153
73 157 148
81 155 149
81 156 150
84 157 148
88 154 150
90 154 147
97 147 143
104 149 140
95 152 139
74 156 151
98 149 150
103 152 149
103 150 150
106 152 150
104 151 152
104 151 145
101 151 152
100 150 147
97 147 157
96 153 149
104 151 147
99 152 151
99 153 147
103 149 153
72 152 150
77 153 151
73 152 148
75 149 153
77 152 151
77 151 150
75 152 149
76 150 147
78 146 147
78 152 148
70 154 149
79 148 150
78 153 148
95 148 151
96 151 153
93 152 154
90 152 148
97 151 152
92 155 150
91 152 152
99 152 151
94 152 151
95 152 152
94 150 153
94 153 148
94 153 150
94 152 152
92 151 151
116 147 149
114 147 149
112 151 150
114 150 149
110 151 149
108 153 146
111 151 150
112 147 145
108 148 150
112 151 150
107 152 151
111 151 158
112 155 147
111 152 149
115 151 147
115 148 153
113 150 151
111 154 150
111 151 150
110 151 151
114 151 152
112 149 151
111 151 150
113 149 156
116 147 149
113 146 152
114 147 147
111 152 148
86 150 153
83 154 148
87 153 154
90 151 151
87 153 152
87 153 154
88 149 152
88 150 150
83 152 153
85 151 149
90 152 147
87 149 154
87 153 153
89 153 156
93 152 151
83 155 152
90 151 150
92 151 152
91 148 151
89 152 153
105 152 149
96 151 151
103 150 151
95 151 152
96 153 154
102 153 148
98 150 152
96 148 153
98 152 152
89 149 148
84 150 149
82 151 145
81 152 148
80 155 151
81 157 150
79 153 153
80 156 150
81 154 152
83 153 152
86 156 150
81 155 149
86 156 150
83 154 148
82 155 150
86 152 152
80 155 148
81 156 151
82 154 148
78 154 147
77 155 147
85 150 149
99 152 152
100 152 152
99 152 151
96 152 155
104 151 152
117 150 144
112 153 143
112 152 147
116 153 143
115 148 146
119 146 145
113 150 141
113 149 144
114 151 144
114 151 145
115 147 149
118 150 142
115 149 142
114 149 145
113 149 141
101 145 138
87 155 140
77 159 144
86 155 144
80 152 145
65 155 155
69 152 155
65 153 151
65 153 151
90 153 149
74 152 151
69 151 148
74 150 149
74 149 149
80 151 148
70 148 151
67 151 147
59 152 147
69 148 151
65 148 151
70 148 151
54 153 151
70 151 151
65 150 151
69 152 151
72 150 148
70 154 152
73 153 148
82 146 150
88 150 144
78 151 147
84 147 150
92 148 145
74 150 147
73 150 149
70 150 151
80 150 149
65 152 149
73 153 148
106 140 139
114 142 134
110 145 134
104 144 135
111 142 137
102 144 134
97 142 146
97 142 140
93 146 135
92 146 137
96 143 132
101 148 136
102 144 135
99 145 135
101 144 141
100 145 138
101 142 136
99 141 140
99 141 138
95 142 137
58 153 150
60 150 146
61 151 148
64 151 149
63 151 146
63 151 145
54 152 149
63 152 148
59 152 147
59 153 144
58 151 147
61 151 149
60 152 147
66 148 147
69 149 148
68 150 146
61 151 149
55 149 148
53 150 149
47 147 149
50 151 148
54 150 149
51 149 147
57 152 147
52 148 145
53 150 147
53 150 144
53 149 145
57 150 140
58 148 148
52 148 148
53 147 148
90 145 145
86 146 147
82 146 147
84 146 142
86 146 142
87 146 144
87 146 140
85 145 140
85 146 144
87 146 145
78 144 148
73 140 149
74 144 151
69 149 150
77 145 144
86 139 151
83 140 143
83 144 144
84 142 144
78 144 146
71 143 152
70 146 147
66 144 152
66 147 145
74 146 149
77 144 147
87 143 144
85 143 140
76 145 144
68 145 153
70 143 148
74 140 148
73 143 152
77 144 144
84 143 150
85 140 144
84 138 142
81 143 155
79 145 144
82 145 142
64 147 147
69 146 148
77 144 153
71 143 149
71 147 152
76 145 149
75 148 146
65 147 150
67 145 150
69 148 150
54 147 149
