106 178 163
110 178 157
110 179 161
109 179 160
107 179 162
107 179 160
110 179 161
113 178 159
114 176 158
115 176 160
114 177 160
113 176 158
110 178 158
113 178 159
108 179 161
106 179 161
107 179 163
106 180 162
108 180 161
109 179 161
110 179 161
110 178 162
114 178 162
116 177 160
116 176 158
115 176 160
113 178 159
113 179 160
110 179 161
110 178 160
99 176 160
100 176 160
102 176 157
102 177 157
103 177 159
105 177 157
104 176 159
104 176 157
105 177 155
103 176 157
102 176 160
101 176 160
100 175 158
103 176 159
106 176 155
115 177 163
116 179 160
116 177 160
120 178 161
121 176 159
124 175 159
122 177 159
117 178 160
113 179 160
109 179 161
108 179 163
106 179 161
108 177 162
111 177 161
114 178 161
121 176 160
125 175 160
126 175 160
122 176 156
119 177 159
120 176 159
118 177 160
115 176 158
117 176 158
119 176 156
119 175 157
117 176 158
113 175 157
110 175 156
110 176 157
111 177 158
119 177 157
120 176 155
124 176 154
121 175 153
116 175 157
113 175 158
125 180 158
128 182 158
128 180 158
131 179 157
131 179 154
131 178 155
131 178 157
129 178 154
130 178 156
130 180 157
131 180 157
132 179 155
134 177 155
132 178 153
131 180 156
129 181 155
129 180 156
131 179 156
141 176 149
145 176 150
146 176 150
138 177 152
139 176 150
139 174 149
141 174 149
139 173 147
142 173 148
84 164 153
84 165 154
82 165 152
82 165 152
83 166 151
83 166 152
83 165 153
82 165 150
85 165 152
85 164 153
85 165 152
83 165 153
83 165 153
82 165 153
79 166 154
78 167 152
80 166 155
109 175 154
108 174 150
104 175 151
103 175 153
104 175 153
108 175 153
109 176 150
110 176 153
108 176 152
106 175 152
103 174 153
100 174 154
101 174 151
102 175 152
103 175 154
107 175 153
109 176 152
109 176 150
112 177 153
114 178 152
115 178 152
118 179 150
119 177 151
117 176 152
115 177 153
113 177 151
113 176 153
112 177 152
113 175 153
114 176 151
117 176 148
117 177 151
122 184 157
123 183 157
119 179 158
123 180 160
121 179 157
120 179 157
119 182 161
118 182 159
120 182 160
119 182 160
136 174 150
141 170 150
133 175 150
131 176 152
130 178 153
129 178 152
134 175 150
142 171 150
142 170 148
141 169 147
136 171 151
131 173 150
130 175 153
129 177 153
130 177 153
130 178 151
135 176 151
137 175 150
138 174 150
137 172 151
140 172 151
152 169 147
150 168 148
150 167 144
153 170 146
153 168 147
149 170 145
117 181 158
118 182 159
117 181 158
119 181 159
120 181 158
118 181 157
118 181 158
118 180 157
116 181 158
112 181 159
112 180 160
108 173 153
106 173 152
107 174 151
106 173 150
106 172 151
109 172 149
110 172 149
108 173 151
108 172 151
118 178 156
117 178 155
121 177 155
121 177 156
125 178 154
125 178 151
122 179 153
124 178 153
125 177 153
125 177 152
125 177 150
121 177 152
118 178 154
116 178 154
115 178 153
116 178 153
117 177 154
117 177 154
120 177 155
121 177 153
120 176 153
120 176 155
120 177 154
122 177 155
123 177 151
124 177 150
125 176 150
126 175 150
124 177 150
122 177 153
118 177 157
123 181 156
123 182 160
124 182 159
125 182 160
125 182 159
123 182 156
125 182 158
124 182 158
124 181 157
123 181 157
121 181 158
126 178 151
128 178 149
129 174 147
138 169 148
132 171 150
124 179 155
126 182 156
124 182 159
127 182 157
78 160 146
78 161 146
81 161 144
84 163 144
88 163 145
87 163 145
84 165 144
85 164 146
85 164 145
89 164 147
88 164 144
84 163 145
82 162 145
82 163 144
84 163 144
85 161 145
86 162 145
88 163 144
89 161 145
91 161 144
89 163 144
86 163 146
86 164 145
87 163 145
85 164 147
82 165 146
80 164 146
80 162 148
78 164 146
81 163 147
82 163 147
87 162 145
87 162 145
90 163 145
87 162 143
109 175 152
114 173 153
122 169 146
124 171 144
116 173 148
114 173 150
111 173 152
105 173 154
105 173 157
108 175 152
107 173 153
107 174 152
109 175 153
116 173 147
120 171 144
117 170 148
141 175 151
141 175 151
144 176 149
145 175 147
148 173 146
146 176 147
144 175 150
137 176 151
134 177 154
133 175 153
130 175 152
134 175 153
139 175 153
144 175 150
148 173 147
150 171 145
152 173 145
148 173 147
144 175 149
140 176 150
140 176 152
138 176 153
98 163 145
97 165 143
100 162 147
108 164 145
109 165 141
111 166 143
109 164 142
103 164 145
105 163 145
104 165 144
104 164 145
103 165 145
102 166 146
103 166 147
104 166 144
105 166 148
108 166 145
148 165 149
149 165 152
151 167 153
154 166 154
150 163 151
153 164 151
156 163 154
146 169 154
137 174 154
138 174 152
137 174 152
136 177 153
132 176 156
129 178 158
126 178 159
122 178 159
122 177 160
117 180 160
124 178 158
124 178 160
125 178 160
129 177 160
129 177 157
119 172 142
117 172 141
119 171 144
124 170 140
128 170 138
121 173 143
117 173 146
112 159 148
112 159 147
110 159 143
106 160 142
108 161 140
115 183 163
116 183 162
117 182 164
121 184 162
123 184 163
124 184 163
123 184 163
123 185 162
122 185 164
122 184 163
117 183 163
115 183 163
114 184 162
87 168 152
87 168 152
88 167 152
87 168 152
86 167 151
86 168 152
85 168 151
89 166 151
88 167 151
88 166 149
88 167 151
87 167 152
88 167 151
87 168 149
88 167 151
87 168 152
88 168 149
108 178 164
107 178 160
107 178 160
107 177 161
109 178 159
111 176 157
110 176 159
111 176 160
114 174 159
114 177 157
111 177 160
110 178 159
103 179 160
102 178 159
97 177 160
97 176 159
97 176 159
80 169 154
81 169 155
81 169 155
82 169 156
82 168 153
82 169 152
82 169 153
82 169 154
82 169 154
80 169 155
83 169 155
82 169 154
81 168 153
83 168 151
83 168 151
84 169 151
117 183 162
116 180 162
115 181 159
118 181 159
120 180 160
120 181 159
120 181 159
123 182 158
126 180 157
125 180 155
125 179 154
128 176 151
127 174 149
123 175 150
124 174 151
118 175 152
119 176 152
124 177 149
122 177 152
124 178 153
123 179 152
123 179 153
125 179 151
128 175 151
128 174 151
133 171 144
138 168 146
138 167 144
142 165 144
142 164 142
146 164 143
148 164 142
150 162 141
151 161 141
128 164 148
127 164 148
133 162 145
135 162 146
136 162 145
138 161 141
137 162 143
134 162 145
129 165 146
126 165 148
120 166 148
122 166 147
126 165 147
132 162 145
135 161 143
138 160 143
137 162 144
139 163 142
140 161 144
136 164 143
132 164 146
127 165 148
121 167 147
119 166 150
126 166 148
131 161 146
135 160 145
133 161 144
98 162 145
95 160 146
99 159 146
98 160 145
98 158 143
95 160 146
96 160 149
97 160 148
96 160 148
100 160 144
99 159 146
98 159 145
97 160 145
95 160 145
87 159 146
87 159 147
89 160 147
90 160 147
91 161 147
91 162 147
91 160 147
94 162 150
95 162 150
97 162 145
99 161 145
96 160 148
93 160 145
89 160 147
90 160 147
86 159 146
86 159 146
89 160 147
88 160 147
90 161 148
101 168 151
100 168 152
97 168 151
100 168 151
98 167 151
99 168 152
101 169 149
102 167 152
102 168 152
105 169 152
104 168 151
106 168 150
106 167 153
102 168 153
103 169 151
102 168 151
101 168 151
99 168 153
99 168 151
100 167 150
101 167 150
100 166 150
101 167 152
102 165 150
104 167 150
106 170 152
106 168 150
107 168 151
107 168 154
103 168 152
102 168 152
100 167 152
99 168 152
97 168 151
97 168 153
96 167 152
95 168 151
97 168 151
97 168 148
96 167 152
98 167 149
98 167 151
99 168 151
100 168 152
97 168 151
97 169 150
98 167 151
100 169 152
101 169 152
103 168 153
101 168 152
101 168 151
101 165 150
100 166 151
102 166 151
104 167 150
106 167 150
106 167 150
106 166 150
104 166 150
103 165 151
102 166 150
103 167 149
103 166 151
106 166 149
106 166 149
107 166 151
106 167 151
104 166 150
99 165 150
99 167 148
99 165 150
99 165 150
101 166 148
99 165 150
93 162 146
93 162 143
92 163 144
96 161 144
96 163 144
98 163 145
100 162 147
99 163 144
97 164 143
95 163 146
95 163 144
92 163 144
93 161 144
95 163 144
65 156 147
65 156 146
65 157 146
63 154 147
60 155 146
61 152 146
62 155 146
64 157 147
68 157 145
65 158 147
66 158 147
66 158 147
66 158 147
63 156 147
66 156 147
66 156 146
65 156 147
65 154 148
63 156 146
61 155 147
61 154 147
65 156 147
65 157 146
65 158 147
63 154 147
63 154 147
61 154 146
61 156 148
64 157 147
66 158 147
68 159 149
101 168 152
102 168 151
101 168 152
105 168 152
107 168 151
108 168 151
105 166 151
102 166 150
100 167 149
101 168 152
104 166 150
104 166 150
103 167 149
106 168 151
109 167 154
110 169 151
112 169 153
112 168 152
110 167 151
108 168 151
106 167 150
104 168 149
116 170 154
116 171 154
115 170 154
116 170 151
116 170 152
117 170 149
118 170 152
119 167 153
121 167 150
124 166 149
125 165 149
77 158 148
80 161 147
80 161 147
80 161 147
82 159 146
80 158 149
82 159 145
82 160 148
83 159 146
83 159 146
84 160 148
84 161 146
85 159 146
86 159 146
86 158 147
85 159 146
83 158 148
83 159 146
84 159 147
83 159 146
83 161 146
83 160 148
79 160 146
81 159 147
81 159 147
84 160 148
82 159 148
83 159 146
107 166 148
106 166 147
109 166 148
110 166 151
111 165 149
109 166 149
101 166 148
100 165 149
98 164 148
97 165 150
102 167 147
107 166 149
112 166 149
94 162 146
96 160 147
93 160 147
94 162 146
97 161 145
96 160 145
94 160 144
96 160 147
95 160 146
97 161 145
84 167 154
85 167 155
86 167 153
86 167 153
86 168 149
88 169 153
84 167 155
85 167 154
86 167 152
87 167 154
85 166 150
87 157 144
85 155 144
85 156 144
89 156 143
86 155 143
91 153 143
90 155 142
88 156 146
88 157 145
91 156 148
90 158 145
89 159 147
88 157 145
103 155 141
105 157 139
105 157 140
104 155 140
104 156 139
106 159 140
104 157 140
104 158 140
102 157 140
104 155 139
102 156 139
104 156 136
107 155 140
105 154 137
106 156 137
105 155 138
104 156 139
105 157 140
102 158 139
102 157 140
100 158 138
101 167 153
100 167 150
100 167 149
101 168 152
101 168 149
95 162 150
93 160 147
91 160 146
94 163 147
98 166 150
100 166 151
76 158 145
76 157 146
76 158 146
77 158 145
76 156 144
78 159 145
81 157 144
80 156 143
80 157 145
77 157 145
74 158 146
73 157 145
74 157 148
74 158 146
75 157 148
77 158 146
77 158 146
77 158 144
78 157 146
77 157 145
77 156 143
112 151 137
113 152 136
111 153 135
109 152 137
109 153 135
108 154 134
109 152 135
111 153 134
113 152 134
115 151 134
115 152 136
112 153 134
110 153 135
111 153 137
109 152 135
108 152 134
107 154 134
110 152 134
111 153 134
113 152 134
89 159 150
89 160 150
90 160 151
89 162 148
90 159 148
89 160 150
90 161 147
89 161 148
89 159 150
87 160 147
90 161 148
88 160 147
87 160 149
89 160 151
88 159 149
89 159 150
88 159 152
86 159 151
89 159 151
92 160 147
93 162 146
93 160 147
92 160 147
92 161 146
95 156 144
96 157 145
95 158 142
99 157 143
103 159 143
97 161 145
95 158 145
91 158 145
90 157 144
89 157 145
91 157 144
90 155 143
90 155 145
89 153 143
90 154 145
91 154 142
91 154 143
94 155 143
97 156 145
103 160 145
98 160 145
95 156 144
94 158 144
90 158 148
92 158 147
88 157 145
90 158 148
92 158 145
96 156 143
128 168 154
127 170 153
129 167 153
140 164 149
143 165 146
139 163 148
135 164 150
130 167 152
125 170 150
121 173 151
118 173 155
114 177 156
114 177 160
112 178 160
110 177 161
107 177 160
108 177 161
109 179 162
106 178 161
106 178 161
104 178 163
99 177 161
97 178 163
101 177 164
105 179 162
111 178 156
111 177 156
117 173 158
114 174 157
119 176 155
121 176 156
119 177 155
115 176 160
114 177 160
116 176 158
114 177 158
116 176 158
126 172 151
144 164 148
157 161 148
156 161 148
155 161 145
140 165 151
123 174 155
121 175 158
116 176 157
114 177 158
113 179 159
111 179 159
111 179 162
112 177 161
112 178 160
115 177 157
118 175 156
139 166 147
155 160 147
158 161 147
127 173 156
124 174 156
120 177 158
119 176 157
117 176 158
117 176 155
97 179 163
97 179 165
93 178 165
94 177 164
95 178 164
97 179 162
96 178 163
98 179 163
99 179 163
99 179 161
172 163 151
174 162 149
176 162 150
176 161 150
185 159 150
178 162 150
166 164 151
170 162 150
166 161 151
172 161 152
153 165 149
146 166 149
156 161 149
155 162 151
156 161 151
74 166 151
77 166 153
76 165 153
79 167 151
80 166 152
80 166 152
79 167 151
79 167 151
77 167 152
77 168 154
76 166 151
77 166 153
76 167 151
77 166 153
77 166 153
78 165 152
80 166 151
78 165 151
80 166 152
80 166 152
80 164 152
80 165 148
82 164 150
82 166 151
80 166 151
79 167 151
79 168 153
78 168 152
76 168 151
105 179 162
104 179 161
101 178 161
102 179 163
102 179 162
101 179 164
103 178 163
104 178 159
104 179 162
102 179 162
101 179 160
101 179 164
101 179 162
99 179 163
101 179 163
102 179 163
153 171 147
151 172 149
145 174 149
143 175 150
138 177 153
132 181 154
131 180 155
130 181 154
132 180 155
73 165 150
74 165 149
73 165 150
73 163 152
73 165 152
74 164 154
73 165 153
72 165 150
74 165 151
73 165 150
72 165 152
73 164 153
73 164 153
71 165 150
74 164 151
75 165 151
71 164 152
73 165 150
72 165 150
103 179 161
103 179 161
105 179 162
106 179 165
106 180 163
106 179 161
109 179 160
108 179 161
109 179 162
110 178 162
108 179 161
108 179 163
105 180 164
106 181 164
104 180 165
103 179 165
103 179 165
106 180 163
104 179 166
105 179 161
106 179 163
105 178 163
108 179 161
109 180 162
107 179 161
110 177 161
109 177 159
110 177 163
109 179 161
109 179 162
100 175 160
96 170 156
90 171 156
89 169 152
90 169 155
88 169 154
87 169 153
86 171 153
86 169 151
88 169 154
91 169 153
91 169 153
93 168 156
90 169 152
91 170 155
90 171 154
90 170 153
87 171 156
87 171 156
87 171 156
86 170 155
87 171 156
86 170 155
87 171 157
85 171 154
86 171 156
87 171 155
126 188 168
121 188 166
124 187 169
126 188 169
126 189 164
128 187 165
128 188 169
125 185 168
123 188 168
124 187 166
121 186 169
122 187 165
119 187 166
103 177 160
104 177 163
98 177 158
97 175 157
100 176 160
105 177 157
106 176 157
103 177 157
105 176 158
106 178 156
103 177 157
102 178 159
101 176 159
101 176 160
100 176 157
114 184 165
113 185 165
119 184 165
121 185 165
121 186 164
116 187 162
114 182 166
113 183 166
120 157 115
117 160 117
114 160 117
119 157 115
120 157 113
129 156 112
116 162 119
114 163 118
116 163 119
117 162 120
118 162 121
120 162 119
119 165 122
123 164 118
86 172 156
87 172 155
87 172 156
85 171 153
88 170 154
87 172 153
86 172 155
87 172 158
85 171 159
88 171 156
88 170 153
88 171 153
92 171 157
89 171 153
87 171 153
117 185 170
111 183 167
110 183 167
157 182 158
154 184 160
156 184 159
159 183 159
164 178 156
166 176 155
158 183 159
152 185 159
157 181 159
179 168 148
174 162 148
178 163 149
182 160 147
173 163 149
158 177 158
149 182 160
125 189 165
122 189 165
125 188 167
99 174 153
99 173 158
100 171 156
98 172 155
101 173 155
101 174 155
102 174 156
102 174 154
103 174 155
100 174 157
102 174 157
74 162 148
76 162 147
78 161 147
77 161 146
79 161 147
78 161 146
77 161 150
76 161 150
79 160 146
76 165 150
76 163 147
76 163 152
77 162 150
79 162 147
77 162 150
76 161 149
80 161 147
76 162 149
78 161 147
78 162 147
80 159 146
79 160 150
78 163 146
80 159 147
77 164 148
78 164 146
74 159 144
72 160 148
74 159 147
76 160 144
72 160 146
75 161 150
79 156 149
73 161 147
76 160 145
75 161 147
70 159 147
72 160 145
72 157 148
74 158 145
70 158 148
73 160 145
75 159 142
73 158 145
74 163 156
74 163 157
73 162 154
73 164 155
73 162 154
72 163 156
72 163 155
72 163 156
72 164 154
71 162 155
73 164 154
77 161 158
73 162 154
69 164 151
70 162 149
70 161 152
74 162 151
73 163 149
74 161 153
73 161 150
80 160 151
81 161 144
85 161 145
82 162 148
86 161 146
87 163 145
89 161 145
87 163 146
86 164 144
87 162 148
89 161 148
87 162 148
99 161 141
97 161 141
99 164 138
109 156 138
119 158 131
121 155 132
125 157 133
126 157 134
107 159 138
104 159 139
102 159 139
101 162 138
96 160 141
93 162 140
98 158 143
98 160 138
93 160 141
101 159 139
106 157 135
109 159 135
104 159 138
105 159 138
102 159 138
89 160 143
66 158 146
65 158 146
62 158 145
63 154 148
66 156 147
67 156 154
63 158 147
65 158 144
63 156 149
69 156 144
65 157 146
64 157 146
69 157 145
67 157 143
68 156 144
68 156 144
64 154 145
63 156 144
66 155 146
69 157 143
63 156 147
66 157 146
68 158 147
68 159 148
73 159 149
74 159 147
71 159 149
73 158 145
69 159 148
73 159 144
69 160 148
69 160 145
74 159 147
75 159 147
73 160 147
69 157 145
66 158 147
70 158 152
65 158 149
65 157 146
66 157 149
65 156 147
73 160 151
74 158 145
72 162 146
73 157 148
72 157 148
75 160 146
73 157 145
75 158 145
70 160 146
71 160 147
66 158 147
73 157 148
101 160 146
100 161 141
98 158 146
102 160 144
99 159 145
99 161 141
96 165 137
97 159 142
98 158 145
101 158 142
101 158 143
101 160 141
103 163 141
103 161 143
104 158 144
97 161 147
106 159 142
105 160 146
106 161 139
102 159 143
66 158 150
63 158 147
63 158 148
61 158 148
63 157 146
65 159 146
66 158 147
62 159 147
61 160 147
63 159 143
65 158 146
66 157 144
65 158 146
67 159 149
64 157 149
63 158 146
61 161 144
66 158 146
65 157 144
65 159 150
65 158 148
63 159 145
66 159 144
66 159 146
65 159 144
66 159 146
66 159 146
68 158 144
69 158 145
66 158 147
64 160 148
72 157 145
62 158 149
74 163 151
77 164 153
76 160 151
78 162 149
75 161 153
75 161 150
77 161 154
74 162 149
81 160 149
77 161 145
74 164 148
77 160 152
75 159 149
75 161 149
77 161 150
74 161 151
76 160 147
100 162 144
99 163 144
97 161 144
99 161 144
95 163 144
98 160 145
102 162 145
97 161 145
99 158 142
98 158 143
98 158 143
96 158 145
97 155 142
96 158 145
101 157 140
97 159 144
97 160 146
91 163 143
96 162 147
100 162 145
95 161 144
95 158 145
92 166 144
99 159 145
96 158 144
95 161 143
99 160 144
96 160 144
97 161 144
95 161 143
100 158 143
97 159 145
75 158 154
77 160 148
78 160 146
79 159 149
81 159 146
72 156 144
78 156 149
76 156 149
76 158 146
72 158 144
74 156 142
71 153 141
73 154 143
71 154 142
79 154 145
70 155 143
70 155 140
74 157 141
81 151 142
73 152 140
74 152 141
77 148 140
73 148 138
74 156 146
77 154 143
74 156 143
73 160 146
75 155 146
73 154 150
64 151 143
65 151 140
57 150 142
84 155 135
87 157 136
79 158 136
86 155 135
86 154 135
101 153 127
96 147 134
93 154 131
97 155 127
89 151 136
94 154 137
96 154 136
91 156 134
87 155 137
86 155 138
70 153 140
87 152 136
86 153 138
91 153 136
82 158 137
91 155 137
79 152 138
81 155 138
83 154 138
84 159 137
85 154 138
88 151 142
92 162 140
95 158 145
97 161 142
96 162 144
95 161 143
96 161 141
91 160 143
91 160 144
95 160 144
98 161 143
96 158 140
96 158 139
92 157 141
99 157 142
96 159 140
95 158 139
98 156 140
92 161 137
94 159 142
91 160 140
94 160 141
93 158 142
97 158 139
96 158 139
96 159 141
75 156 141
76 155 143
73 154 145
72 157 145
77 155 140
73 158 141
77 159 146
86 160 142
89 154 142
83 157 140
84 160 143
88 158 141
91 157 138
88 157 144
90 160 143
85 160 137
89 156 148
85 155 144
87 159 138
78 155 137
84 156 140
81 156 143
80 157 138
85 155 137
69 157 137
72 157 142
72 155 141
72 157 139
70 157 145
80 156 142
85 157 137
81 158 140
84 155 140
88 156 139
88 160 135
93 155 138
78 155 139
86 161 140
91 161 142
90 159 143
91 158 140
92 158 139
85 162 143
103 157 133
94 157 136
100 156 136
109 157 132
92 160 140
105 159 134
110 158 129
102 155 132
91 156 138
71 160 139
85 154 140
73 156 141
91 156 138
90 154 139
90 155 141
82 155 135
80 156 140
75 162 142
95 158 138
97 159 144
90 160 142
90 160 140
84 160 142
89 159 143
94 159 141
93 160 141
104 164 137
84 162 141
86 160 142
92 161 142
71 154 146
70 153 143
64 153 140
63 153 151
47 158 149
68 150 146
66 154 145
60 155 146
65 159 146
59 155 146
69 152 149
66 156 146
