173 119 193
174 121 192
178 119 191
178 119 193
180 118 193
179 119 194
178 118 195
176 119 193
177 119 193
178 119 194
179 119 194
180 118 193
180 119 191
182 119 191
182 118 192
182 118 192
180 119 192
180 119 192
180 119 191
182 118 192
181 119 190
182 118 191
184 118 189
184 119 187
186 118 189
185 118 188
182 118 190
178 119 192
176 119 193
174 119 193
173 119 193
174 119 194
174 120 192
175 119 193
180 118 193
179 118 193
164 120 189
159 121 186
160 121 187
160 121 187
162 122 187
164 121 189
165 121 188
167 120 188
168 120 188
168 120 187
166 121 189
165 121 187
163 121 188
160 121 189
161 120 189
162 121 187
162 120 189
164 120 190
163 121 188
163 121 188
164 121 186
191 118 192
191 119 190
193 119 189
193 118 193
193 119 187
195 120 186
196 119 187
196 118 188
194 119 190
190 119 192
191 118 192
190 118 193
190 117 192
189 117 190
191 118 193
192 117 191
192 118 189
195 119 187
195 119 187
193 119 189
192 118 192
190 119 191
190 117 191
190 118 192
190 117 190
186 118 196
187 119 195
187 118 196
189 119 195
186 118 196
186 118 194
185 118 194
186 119 193
175 120 194
155 122 191
158 121 192
161 122 192
163 121 194
158 121 191
152 121 189
158 121 191
151 121 189
145 122 187
143 120 185
136 120 182
134 122 182
136 121 183
151 120 187
163 119 191
165 120 192
162 121 192
164 120 192
169 118 195
174 119 192
176 120 192
175 120 192
175 119 191
172 120 190
172 118 195
172 119 195
172 119 195
175 118 194
187 117 192
189 119 190
190 119 189
136 122 183
135 122 182
138 123 183
139 121 185
138 121 184
138 121 184
137 121 183
136 122 183
130 123 179
128 123 179
128 121 179
127 123 179
126 121 179
127 121 177
127 121 178
125 121 177
127 120 179
126 121 178
127 121 177
126 121 178
126 121 178
126 121 177
126 121 178
127 122 179
125 122 177
125 122 178
123 121 177
124 121 178
122 120 175
116 122 175
114 122 175
118 122 177
170 120 195
168 121 192
167 120 193
167 122 192
166 121 190
167 120 191
169 119 188
169 120 186
167 120 186
170 120 188
168 119 192
166 119 192
165 122 191
167 119 191
167 121 191
166 122 188
187 117 181
192 119 184
188 117 179
189 118 183
189 118 183
191 119 184
193 120 181
164 120 192
164 120 190
161 121 189
162 120 189
167 120 191
168 120 195
169 120 195
168 121 195
167 120 194
166 121 194
165 121 194
166 121 194
167 120 195
168 120 194
169 121 195
169 122 195
172 120 195
169 121 195
168 122 194
165 122 194
168 120 194
136 122 175
141 122 176
141 122 176
144 121 178
144 122 176
142 122 176
142 122 176
141 122 176
141 122 176
146 122 179
147 121 181
147 121 179
145 120 181
144 121 181
145 120 180
147 122 182
147 121 181
149 121 181
150 122 177
150 122 180
147 122 182
146 122 180
144 122 180
142 121 179
139 121 178
137 123 178
129 123 173
129 123 173
129 122 172
130 123 173
130 123 174
130 122 173
129 123 173
129 122 174
127 123 172
127 123 174
128 123 173
129 122 174
127 123 173
121 123 170
121 122 171
121 122 171
120 121 171
120 122 171
121 123 174
121 121 174
121 122 173
122 123 172
122 123 173
123 123 173
121 122 172
120 123 172
121 122 173
205 122 186
198 122 179
200 123 183
202 121 191
200 122 195
200 119 197
200 119 200
199 119 198
201 120 201
198 120 197
153 122 186
152 122 187
155 122 188
168 120 191
170 119 192
168 119 192
170 121 192
169 121 191
170 121 193
169 119 192
166 122 191
166 122 191
165 120 191
164 121 192
170 117 186
174 116 187
174 116 188
172 117 186
171 117 188
172 117 187
169 117 188
167 119 187
162 117 187
161 118 187
161 118 187
165 117 186
166 117 187
169 116 188
170 117 187
168 117 189
169 116 189
171 117 190
171 118 189
170 117 188
170 117 187
162 118 186
165 119 186
169 117 186
170 117 186
171 117 186
172 117 186
173 116 188
172 117 186
170 116 187
165 117 186
162 118 183
158 120 185
155 120 184
157 120 185
161 118 185
166 117 188
167 117 186
169 117 187
171 117 187
171 117 188
172 117 188
169 116 189
164 117 186
157 119 183
158 119 186
156 119 184
159 118 185
160 118 185
177 120 199
178 120 199
180 119 199
178 120 199
182 119 200
183 120 200
183 119 200
184 120 201
185 119 201
185 118 202
183 120 200
184 119 201
180 120 199
180 121 198
179 120 199
181 119 201
178 121 199
186 119 201
184 120 200
183 120 200
185 119 202
185 120 201
184 119 201
184 119 202
183 120 201
184 119 201
181 120 199
182 120 199
196 126 196
197 125 197
201 125 196
207 129 191
211 127 190
212 125 188
209 126 190
208 128 191
206 127 196
208 126 195
210 128 189
209 129 190
208 127 190
206 126 198
204 127 200
206 127 200
207 126 195
210 127 188
210 127 189
209 129 191
202 126 197
198 125 197
197 125 200
197 124 197
171 120 196
171 120 196
171 120 196
174 119 197
174 120 197
173 120 195
171 120 196
170 120 195
172 120 196
171 120 196
173 120 197
173 120 196
174 120 197
173 120 196
174 120 197
174 120 197
174 120 197
197 118 204
196 120 203
198 120 203
199 120 205
200 120 206
202 121 207
202 121 207
202 121 206
200 121 206
200 121 205
199 120 205
199 119 205
197 120 204
199 119 204
200 120 206
200 119 206
202 120 206
200 121 206
203 121 208
202 121 206
202 122 208
204 123 206
203 122 208
201 123 206
202 121 208
201 121 206
201 122 205
201 121 206
185 120 202
186 120 203
186 121 202
185 121 202
186 121 202
186 119 203
186 121 202
186 121 202
186 120 203
187 122 203
187 120 203
186 120 203
186 120 203
185 121 201
173 120 196
174 119 196
175 119 197
176 119 196
178 119 197
178 118 198
179 118 198
179 118 199
179 118 197
178 118 198
178 119 197
175 120 197
192 120 202
192 120 201
189 119 202
188 120 200
187 120 201
189 120 200
191 120 203
191 121 202
192 119 203
191 120 202
190 120 202
191 120 203
191 120 203
191 119 202
188 121 201
188 119 201
187 119 201
188 120 201
188 120 201
189 119 202
187 119 201
188 120 201
188 120 200
188 119 201
188 121 201
190 119 202
188 120 201
188 120 201
186 119 201
186 119 201
185 118 201
186 120 200
187 119 200
187 119 201
188 120 201
190 120 202
189 120 202
188 119 200
188 120 200
185 119 200
184 120 199
183 119 198
183 120 199
186 120 201
186 120 200
188 119 201
136 125 178
137 125 180
136 125 181
138 124 181
137 124 181
138 124 181
137 124 181
135 125 179
135 123 180
136 124 181
136 125 182
136 124 180
138 123 182
138 124 181
158 117 177
157 117 175
153 117 174
149 119 175
152 118 174
152 119 175
153 118 176
155 117 177
157 117 176
158 117 176
157 117 175
158 118 178
155 118 174
156 119 176
157 117 176
155 118 174
149 120 173
149 119 173
147 120 173
149 119 173
149 119 174
151 118 174
152 117 173
155 119 175
155 117 176
156 118 176
158 117 177
159 119 176
161 116 178
158 118 177
155 118 174
151 119 175
149 120 175
148 119 175
146 118 174
146 118 175
148 119 174
150 120 173
155 119 175
158 118 175
154 118 173
150 118 173
152 119 175
153 118 176
155 119 176
154 119 175
158 117 175
159 119 176
159 119 176
153 118 175
148 119 173
145 119 172
137 119 170
133 121 168
131 119 167
130 119 166
130 121 167
127 118 167
128 120 170
126 121 167
127 121 168
128 120 168
126 121 166
129 121 167
129 121 169
128 120 167
129 121 167
126 119 167
124 118 167
126 121 169
123 120 165
123 120 169
121 119 167
123 121 166
124 120 167
123 120 168
123 121 167
123 121 167
121 121 165
119 122 165
119 121 165
118 120 165
116 121 166
116 120 165
116 120 166
117 121 167
118 120 168
117 120 165
117 121 166
120 121 166
118 120 165
120 119 166
118 120 165
121 119 166
120 121 167
121 121 165
122 121 167
121 121 165
123 120 168
123 121 165
123 121 168
180 116 182
177 117 182
176 116 185
174 116 185
175 116 183
172 117 182
174 116 183
173 118 184
171 116 183
175 116 183
173 117 182
177 116 184
175 118 182
176 117 182
176 117 184
176 116 184
177 117 182
177 116 184
174 117 182
176 118 180
175 116 184
174 118 183
172 116 183
173 116 183
170 117 182
170 117 182
171 117 179
174 114 180
174 115 182
174 115 180
172 114 178
172 114 180
173 115 178
170 116 176
173 115 178
139 121 167
137 120 163
142 121 165
140 121 164
137 122 169
138 123 166
137 122 169
136 122 168
139 120 166
138 121 167
139 121 167
137 122 165
136 121 168
135 122 166
135 122 166
135 122 167
135 123 166
137 123 164
137 122 168
138 121 168
137 122 165
136 122 165
140 121 167
137 122 164
137 122 165
140 122 163
138 122 164
138 122 165
135 122 164
135 122 167
137 122 164
138 121 167
137 122 164
139 122 166
139 121 167
137 122 168
139 121 167
138 121 168
137 122 166
135 123 164
135 122 167
139 123 164
137 122 166
138 122 167
135 122 166
135 120 167
137 121 167
135 122 164
137 121 166
139 121 167
138 122 165
191 117 177
192 116 179
191 116 179
187 116 180
188 117 181
188 116 180
187 116 180
187 116 178
188 117 176
191 116 177
193 117 175
194 117 173
193 117 173
193 117 177
194 117 175
194 117 176
193 118 176
194 116 179
192 117 177
193 117 176
192 116 180
190 117 177
189 116 180
189 116 179
190 117 179
192 116 179
191 117 176
192 117 175
192 117 175
192 117 173
193 117 174
193 118 174
188 116 179
185 116 180
183 116 180
182 117 181
181 117 182
182 116 180
184 116 181
184 116 180
186 117 182
187 116 180
189 116 179
190 117 177
189 117 176
190 117 179
163 116 178
164 117 176
163 116 178
167 116 177
169 116 178
167 115 179
162 116 178
138 122 164
137 122 163
139 120 166
142 121 166
141 121 167
144 119 165
144 121 167
146 121 167
144 121 167
143 120 165
141 121 163
140 122 165
141 121 164
141 121 165
141 121 165
141 120 166
143 121 165
143 120 166
143 122 165
143 120 163
145 121 164
144 122 166
146 121 166
144 122 165
160 119 176
165 118 178
160 118 178
157 118 177
160 118 179
163 118 178
172 118 176
178 115 177
175 117 176
194 117 167
193 116 167
197 116 168
208 119 163
206 119 167
211 119 163
210 117 162
211 117 160
213 119 160
211 117 160
189 117 168
177 117 177
177 117 176
188 116 171
152 120 174
154 120 174
156 120 174
157 119 176
157 119 176
156 121 170
156 121 171
156 119 174
153 121 171
151 120 174
148 122 175
149 122 175
148 120 175
147 121 176
146 122 175
146 122 175
146 122 174
148 121 172
149 121 173
150 121 172
154 121 172
153 122 168
149 121 172
139 120 167
142 121 165
143 122 164
142 122 165
140 122 163
145 122 162
147 121 163
146 122 163
143 122 161
144 122 165
144 121 163
140 120 170
141 120 168
139 122 167
140 122 169
140 122 169
137 122 171
141 121 169
140 122 170
140 122 167
141 120 168
140 121 167
141 122 166
140 122 169
139 121 169
139 120 171
138 122 170
139 120 170
139 120 169
138 122 170
137 122 168
137 121 170
140 122 169
138 122 168
140 122 169
133 122 167
135 122 167
132 123 166
133 122 166
131 122 168
132 123 165
134 121 167
134 122 165
134 122 165
135 122 167
136 121 165
135 123 168
136 122 168
135 124 164
138 123 166
139 123 164
140 123 164
138 122 168
140 123 166
136 123 167
137 124 169
137 122 168
135 124 169
135 123 170
135 122 169
135 123 167
135 124 168
137 122 168
135 122 169
138 123 168
135 124 166
134 123 168
137 122 168
134 121 168
135 122 168
136 121 169
168 121 169
173 121 168
177 119 170
180 119 169
181 119 169
180 118 165
181 119 166
177 120 164
175 120 164
172 120 161
167 121 155
164 121 155
168 121 146
173 122 142
178 121 143
178 121 148
180 120 156
182 120 160
182 119 163
183 119 157
179 119 153
166 121 171
165 121 172
167 121 169
169 121 164
185 119 198
184 118 199
184 118 200
182 119 198
184 119 198
184 119 199
185 117 197
186 118 199
184 119 198
186 118 200
184 119 195
184 119 195
185 118 197
187 119 198
186 118 198
186 118 198
184 118 198
184 118 198
183 119 195
184 119 199
184 119 197
150 122 177
149 122 179
148 123 178
147 123 178
147 122 180
149 123 177
146 123 176
145 123 179
147 122 178
146 123 180
146 120 180
147 123 179
148 123 177
148 123 178
148 122 178
148 122 180
148 120 179
147 122 180
144 123 180
216 121 207
214 121 207
216 122 207
212 123 206
211 124 206
214 123 206
212 123 206
213 122 206
216 121 207
171 120 190
169 120 191
170 119 192
169 121 190
171 119 191
169 120 191
172 119 192
172 120 189
171 120 189
171 121 189
172 121 190
172 121 190
174 120 190
172 121 190
173 120 188
170 121 189
169 120 192
171 119 193
172 119 192
169 120 192
172 119 190
172 120 190
175 119 190
172 120 190
173 120 190
172 120 190
171 120 187
226 115 201
223 115 199
223 115 200
220 117 198
185 120 191
185 120 191
186 120 194
188 120 195
185 120 193
186 119 197
187 120 193
186 120 194
188 120 192
187 120 195
188 119 195
187 120 193
147 122 179
147 122 183
147 123 179
148 121 181
147 123 179
149 122 180
149 121 181
147 123 179
148 122 180
148 122 181
147 122 183
148 123 180
147 121 181
147 122 180
147 123 179
148 122 178
149 123 180
149 121 181
191 119 200
190 120 198
190 119 200
190 120 199
191 118 199
191 120 199
192 121 197
192 121 197
193 119 198
189 120 199
190 119 199
189 119 199
190 120 201
191 119 200
197 123 195
198 123 194
197 121 199
195 121 197
196 121 197
196 121 198
196 121 195
197 121 194
199 120 200
195 120 199
195 121 199
197 120 199
196 120 199
194 120 199
194 118 197
192 120 198
146 120 179
144 120 179
148 120 178
146 121 178
145 120 179
145 121 180
143 121 178
143 121 179
145 122 179
145 120 180
143 121 179
144 119 180
141 122 180
141 121 181
144 120 180
145 121 181
145 121 178
145 122 180
145 121 178
145 122 179
145 122 176
143 121 178
146 121 181
146 120 180
145 123 178
145 122 179
143 123 178
158 123 189
157 123 188
158 122 191
158 123 191
158 122 191
158 123 188
159 123 189
160 122 190
158 122 192
158 123 190
159 121 189
158 122 189
156 122 189
156 122 191
158 121 191
158 123 189
163 122 192
158 122 190
157 122 191
158 122 189
156 123 188
156 123 187
159 122 189
152 121 184
153 122 185
152 123 184
150 121 184
150 122 182
117 124 171
117 123 173
117 123 173
118 122 173
115 124 170
171 119 193
171 120 194
170 121 193
172 121 192
168 120 194
170 120 193
168 121 191
167 120 193
167 121 194
170 118 196
172 120 196
171 120 195
173 119 196
171 120 191
176 120 195
177 119 194
174 118 196
170 120 194
168 121 194
168 119 194
171 120 195
171 120 194
163 122 191
164 122 192
165 120 193
164 120 194
168 118 195
170 119 194
171 121 193
171 120 195
169 121 192
168 121 191
168 121 194
166 121 193
165 121 193
164 123 193
163 122 193
165 122 192
164 122 190
166 121 194
166 120 193
165 120 194
168 120 194
171 118 194
171 120 195
171 120 194
170 120 195
203 123 207
204 124 208
206 125 209
204 127 208
204 125 207
204 124 208
205 126 208
203 124 207
201 124 206
212 123 206
207 123 204
209 123 201
210 124 203
211 124 203
212 123 204
193 120 203
194 122 203
195 122 203
194 121 203
197 122 205
135 123 181
136 124 177
136 123 177
139 124 181
135 123 180
138 123 178
135 123 180
136 125 179
135 124 178
133 123 180
135 123 180
137 124 177
137 123 179
108 122 161
120 124 164
119 125 168
120 124 168
119 124 167
120 125 169
120 124 166
119 128 165
114 127 164
115 128 166
117 128 167
121 125 170
122 126 169
120 125 169
120 127 169
122 126 169
124 125 165
121 126 165
117 125 167
120 125 172
123 127 170
122 125 168
122 127 168
122 125 169
115 126 166
118 127 167
120 127 164
118 124 167
115 127 166
117 127 166
119 125 165
120 125 166
116 127 164
116 127 166
115 126 164
115 128 168
116 126 169
114 127 169
119 125 167
121 125 170
121 127 168
121 125 168
120 127 166
118 128 165
117 127 167
114 127 166
117 129 162
114 127 169
115 126 170
119 127 164
118 125 167
117 125 166
116 124 169
119 127 168
117 125 169
122 127 168
112 128 165
118 126 165
119 125 171
120 127 166
116 126 166
117 125 166
109 128 168
217 123 142
230 117 148
202 123 143
189 120 152
184 119 154
182 117 158
187 119 152
191 120 149
210 121 143
207 121 143
214 120 141
206 121 143
184 119 155
180 120 160
190 119 153
214 118 150
110 123 164
110 126 165
107 125 163
106 128 162
102 123 162
113 126 165
107 127 160
107 123 163
132 122 169
134 123 164
121 125 167
123 126 167
118 126 163
128 123 169
133 124 164
140 122 162
138 123 162
146 122 164
155 121 165
142 121 171
159 123 165
144 122 164
142 121 166
147 125 165
143 122 165
147 122 167
144 120 168
131 120 167
144 117 164
134 122 167
152 117 164
148 120 163
146 120 162
145 119 169
139 120 166
136 122 165
135 118 168
150 125 165
143 121 170
142 120 164
142 121 164
148 118 168
155 120 168
142 122 162
146 120 164
143 118 166
142 123 166
147 121 167
143 120 165
136 121 163
138 120 161
137 119 165
128 121 166
128 117 164
128 122 164
122 121 162
128 121 165
122 119 163
126 118 163
127 117 162
123 119 167
127 118 164
125 115 164
134 122 165
128 120 164
139 119 170
138 119 174
141 119 167
135 120 162
137 120 169
138 119 166
142 121 169
135 121 171
142 117 170
141 120 168
140 120 170
139 118 170
139 122 167
141 120 170
136 117 171
138 120 168
141 117 171
141 117 171
133 119 173
142 123 166
137 121 173
139 122 169
137 123 166
138 122 165
135 124 169
131 123 169
134 123 170
133 123 172
132 121 169
134 121 171
131 123 170
120 122 165
117 125 167
119 123 166
119 124 166
114 121 165
115 126 161
116 123 166
112 125 163
114 126 167
115 127 167
114 130 173
115 129 170
112 132 170
117 129 172
114 131 171
114 129 174
114 130 173
116 130 172
112 132 171
117 131 170
116 130 170
117 127 172
115 128 171
114 129 171
122 124 169
121 123 170
122 124 169
120 125 167
119 125 169
117 131 171
120 130 167
117 131 173
113 132 172
112 134 172
118 126 168
118 127 167
120 125 167
117 123 166
121 125 165
116 126 167
126 124 167
123 127 167
119 126 169
121 126 166
114 126 169
120 124 169
124 125 169
121 125 168
121 123 172
118 124 166
125 124 170
120 127 164
125 127 167
122 124 165
84 128 166
99 125 166
94 126 167
95 122 163
83 126 164
92 127 165
94 126 167
102 124 164
101 128 163
108 125 163
101 127 164
98 125 162
109 131 170
108 131 172
113 135 169
107 132 169
110 129 166
92 132 166
104 128 168
112 132 173
104 134 169
138 121 169
141 123 166
144 122 173
151 122 167
143 122 167
139 122 171
143 122 169
142 123 165
139 125 166
144 121 167
110 124 166
110 127 165
102 127 166
106 129 161
107 126 161
111 127 164
108 127 162
108 126 162
107 127 163
108 126 164
109 125 161
110 125 161
109 127 162
108 124 164
107 126 161
110 126 164
108 126 161
107 125 162
109 124 160
108 123 163
106 126 165
130 119 153
123 120 151
120 122 148
119 123 151
117 121 156
119 121 154
120 121 153
106 129 163
105 127 164
104 126 162
104 127 164
111 125 166
112 126 167
110 127 164
108 126 159
110 130 161
108 127 162
120 127 167
120 124 169
116 127 167
112 126 166
100 125 162
101 125 162
95 126 166
99 125 159
92 126 165
91 128 161
96 129 158
92 126 162
96 128 160
92 126 162
95 126 162
101 125 165
96 125 165
98 125 164
100 125 161
98 126 160
98 123 162
95 125 163
97 126 162
97 125 162
96 125 165
111 123 161
104 125 164
101 126 162
107 124 159
105 126 159
105 126 162
96 126 156
91 123 162
93 127 160
91 124 162
90 123 159
86 124 160
79 127 161
89 125 162
84 128 159
85 127 159
87 125 159
92 125 158
122 124 156
114 122 154
120 122 156
120 120 157
126 119 158
122 118 156
119 121 155
123 121 156
121 120 162
120 118 157
117 121 159
125 118 167
120 123 160
118 122 156
120 120 163
90 123 165
107 124 157
94 119 164
93 121 163
94 121 166
96 122 164
102 123 162
98 120 159
101 117 158
94 118 163
96 126 169
97 122 164
97 120 160
101 124 161
91 121 165
94 126 160
76 129 161
105 123 161
96 125 159
94 125 167
91 123 164
95 124 168
99 119 155
101 120 150
103 121 149
110 118 153
108 121 153
101 123 150
101 118 159
104 121 154
97 120 153
103 119 149
115 120 157
111 119 153
105 118 165
105 121 160
103 119 157
110 119 155
111 119 162
96 124 148
108 116 158
107 124 154
100 120 154
108 121 156
103 119 155
105 116 164
106 122 154
99 121 155
108 122 153
96 120 153
103 121 153
107 123 151
100 124 155
102 120 153
105 125 150
108 122 158
99 123 158
103 123 156
102 123 162
101 123 164
106 122 162
99 123 154
101 124 167
99 123 157
97 122 160
99 122 161
102 124 162
103 123 158
101 120 164
95 121 160
